factionsfile version 1
33
fac_no_faction No_Faction 0 11184810 
 0.900000  0.000000  0.000000  0.000000  0.000000  0.000000  0.000000  0.000000  0.000000  0.000000  0.000000  0.000000  0.000000  0.000000  0.000000  0.000000  0.000000  0.000000  0.000000  0.000000  0.000000  0.000000  0.000000  0.000000  0.000000  0.000000  0.000000  0.000000  0.000000  0.000000  0.000000  0.000000  0.000000 
0 fac_commoners Commoners 0 11184810 
 0.000000  0.100000  -0.600000  0.000000  0.000000  0.000000  0.000000  0.000000  0.000000  0.000000  0.000000  0.000000  0.100000  0.000000  0.000000  0.000000  0.000000  0.000000  0.000000  0.000000  0.000000  0.000000  0.000000  0.000000  0.000000  0.000000  -0.200000  -0.200000  -0.700000  0.000000  0.000000  0.000000  -0.600000 
0 fac_outlaws Outlaws 33280 8947848 
 0.000000  -0.600000  0.500000  0.000000  -0.050000  -0.500000  0.000000  0.000000  0.000000  0.000000  0.000000  0.000000  -0.150000  -0.050000  -0.050000  -0.050000  -0.050000  -0.050000  -0.050000  0.000000  -0.050000  0.000000  0.000000  0.000000  -0.600000  0.000000  0.000000  0.000000  0.000000  0.000000  0.000000  0.000000  0.000000 
0 fac_neutral Neutral 0 16777215 
 0.000000  0.000000  0.000000  0.100000  0.000000  0.000000  0.000000  0.000000  0.000000  0.000000  0.000000  0.000000  0.000000  0.000000  0.000000  0.000000  0.000000  0.000000  0.000000  0.000000  0.000000  0.000000  0.000000  0.000000  0.000000  0.000000  0.000000  0.000000  0.000000  0.000000  0.000000  0.000000  0.000000 
0 fac_innocents Innocents 1 11184810 
 0.000000  0.000000  -0.050000  0.000000  0.500000  0.000000  -0.900000  0.000000  0.000000  0.000000  0.000000  0.000000  0.000000  0.000000  0.000000  0.000000  0.000000  0.000000  0.000000  0.000000  0.000000  0.000000  0.000000  0.000000  0.000000  0.000000  0.000000  0.000000  0.000000  0.000000  0.000000  0.000000  0.000000 
0 fac_merchants Merchants 1 11184810 
 0.000000  0.000000  -0.500000  0.000000  0.000000  0.500000  0.000000  0.000000  0.000000  0.000000  0.000000  0.000000  0.000000  0.000000  0.000000  0.000000  0.000000  0.000000  0.000000  0.000000  0.000000  0.000000  0.000000  0.000000  0.000000  -0.500000  -0.500000  -0.500000  0.000000  0.000000  0.000000  0.000000  0.000000 
0 fac_dark_knights {!}Dark_Knights 0 11184810 
 0.000000  0.000000  0.000000  0.000000  -0.900000  0.000000  0.500000  0.000000  0.000000  0.000000  0.000000  0.000000  -0.400000  0.000000  0.000000  0.000000  0.000000  0.000000  0.000000  0.000000  0.000000  0.000000  0.000000  0.000000  0.000000  0.000000  0.000000  0.000000  0.000000  0.000000  0.000000  0.000000  0.000000 
0 fac_culture_1 culture_1 0 11184810 
 0.000000  0.000000  0.000000  0.000000  0.000000  0.000000  0.000000  0.900000  0.000000  0.000000  0.000000  0.000000  0.000000  0.000000  0.000000  0.000000  0.000000  0.000000  0.000000  0.000000  0.000000  0.000000  0.000000  0.000000  0.000000  0.000000  0.000000  0.000000  0.000000  0.000000  0.000000  0.000000  0.000000 
0 fac_culture_2 culture_2 0 11184810 
 0.000000  0.000000  0.000000  0.000000  0.000000  0.000000  0.000000  0.000000  0.900000  0.000000  0.000000  0.000000  0.000000  0.000000  0.000000  0.000000  0.000000  0.000000  0.000000  0.000000  0.000000  0.000000  0.000000  0.000000  0.000000  0.000000  0.000000  0.000000  0.000000  0.000000  0.000000  0.000000  0.000000 
0 fac_culture_3 culture_3 0 11184810 
 0.000000  0.000000  0.000000  0.000000  0.000000  0.000000  0.000000  0.000000  0.000000  0.900000  0.000000  0.000000  0.000000  0.000000  0.000000  0.000000  0.000000  0.000000  0.000000  0.000000  0.000000  0.000000  0.000000  0.000000  0.000000  0.000000  0.000000  0.000000  0.000000  0.000000  0.000000  0.000000  0.000000 
0 fac_culture_4 culture_4 0 11184810 
 0.000000  0.000000  0.000000  0.000000  0.000000  0.000000  0.000000  0.000000  0.000000  0.000000  0.900000  0.000000  0.000000  0.000000  0.000000  0.000000  0.000000  0.000000  0.000000  0.000000  0.000000  0.000000  0.000000  0.000000  0.000000  0.000000  0.000000  0.000000  0.000000  0.000000  0.000000  0.000000  0.000000 
0 fac_culture_5 culture_5 0 11184810 
 0.000000  0.000000  0.000000  0.000000  0.000000  0.000000  0.000000  0.000000  0.000000  0.000000  0.000000  0.900000  0.000000  0.000000  0.000000  0.000000  0.000000  0.000000  0.000000  0.000000  0.000000  0.000000  0.000000  0.000000  0.000000  0.000000  0.000000  0.000000  0.000000  0.000000  0.000000  0.000000  0.000000 
0 fac_player_faction Player_Nation 0 11184810 
 0.000000  0.100000  -0.150000  0.000000  0.000000  0.000000  -0.400000  0.000000  0.000000  0.000000  0.000000  0.000000  0.900000  1.000000  0.000000  0.000000  0.000000  0.000000  0.000000  0.000000  1.000000  0.000000  0.000000  -0.300000  0.100000  -0.100000  -0.150000  -0.150000  -0.500000  0.000000  -0.400000  0.000000  -0.150000 
0 fac_player_supporters_faction Player_Nation 0 11184810 
 0.000000  0.000000  -0.050000  0.000000  0.000000  0.000000  0.000000  0.000000  0.000000  0.000000  0.000000  0.000000  1.000000  0.900000  0.000000  0.000000  0.000000  0.000000  0.000000  0.000000  0.000000  0.000000  0.000000  0.000000  0.000000  -0.020000  -0.050000  -0.050000  0.000000  0.000000  -0.100000  0.000000  0.000000 
0 fac_kingdom_1 Polish-Lithuanian_Commonwealth 0 15122273 
 0.000000  0.000000  -0.050000  0.000000  0.000000  0.000000  0.000000  0.000000  0.000000  0.000000  0.000000  0.000000  0.000000  0.000000  0.900000  0.000000  0.000000  0.000000  0.000000  0.000000  0.000000  0.000000  0.000000  -0.020000  0.000000  -0.020000  -0.050000  -0.050000  0.000000  0.000000  -0.100000  0.000000  0.000000 
0 fac_kingdom_2 Muscovite_Tsardom 0 11392081 
 0.000000  0.000000  -0.050000  0.000000  0.000000  0.000000  0.000000  0.000000  0.000000  0.000000  0.000000  0.000000  0.000000  0.000000  0.000000  0.900000  0.000000  0.000000  0.000000  0.000000  0.000000  0.000000  0.000000  -0.020000  0.000000  -0.020000  -0.050000  -0.050000  0.000000  0.000000  -0.100000  0.000000  0.000000 
0 fac_kingdom_3 Crimean_Khanatee 0 5554044 
 0.000000  0.000000  -0.050000  0.000000  0.000000  0.000000  0.000000  0.000000  0.000000  0.000000  0.000000  0.000000  0.000000  0.000000  0.000000  0.000000  0.900000  0.000000  0.000000  0.000000  0.000000  0.000000  0.000000  0.000000  0.000000  -0.020000  -0.050000  -0.050000  0.000000  0.000000  -0.100000  0.000000  0.000000 
0 fac_kingdom_4 Kingdom_of_Sweden 0 7715794 
 0.000000  0.000000  -0.050000  0.000000  0.000000  0.000000  0.000000  0.000000  0.000000  0.000000  0.000000  0.000000  0.000000  0.000000  0.000000  0.000000  0.000000  0.900000  0.000000  0.000000  0.000000  0.000000  0.000000  0.000000  0.000000  -0.020000  -0.050000  -0.050000  0.000000  0.000000  -0.100000  0.000000  0.000000 
0 fac_kingdom_5 Cossack_Hetmanate 0 14115683 
 0.000000  0.000000  -0.050000  0.000000  0.000000  0.000000  0.000000  0.000000  0.000000  0.000000  0.000000  0.000000  0.000000  0.000000  0.000000  0.000000  0.000000  0.000000  0.900000  0.000000  0.000000  0.000000  0.000000  0.000000  0.000000  -0.020000  -0.050000  -0.050000  0.000000  0.000000  -0.100000  0.000000  0.000000 
0 fac_kingdoms_end {!}kingdoms_end 0 11184810 
 0.000000  0.000000  0.000000  0.000000  0.000000  0.000000  0.000000  0.000000  0.000000  0.000000  0.000000  0.000000  0.000000  0.000000  0.000000  0.000000  0.000000  0.000000  0.000000  0.000000  0.000000  0.000000  0.000000  0.000000  0.000000  0.000000  0.000000  0.000000  0.000000  0.000000  0.000000  0.000000  0.000000 
0 fac_oim_rebel_faction Nation_1 0 11184810 
 0.000000  0.000000  -0.050000  0.000000  0.000000  0.000000  0.000000  0.000000  0.000000  0.000000  0.000000  0.000000  1.000000  0.000000  0.000000  0.000000  0.000000  0.000000  0.000000  0.000000  0.900000  0.000000  0.000000  0.000000  0.000000  -0.020000  -0.050000  -0.050000  0.000000  0.000000  -0.100000  0.000000  0.000000 
0 fac_robber_knights {!}robber_knights 0 11184810 
 0.000000  0.000000  0.000000  0.000000  0.000000  0.000000  0.000000  0.000000  0.000000  0.000000  0.000000  0.000000  0.000000  0.000000  0.000000  0.000000  0.000000  0.000000  0.000000  0.000000  0.000000  0.100000  0.000000  0.000000  0.000000  0.000000  0.000000  0.000000  0.000000  0.000000  0.000000  0.000000  0.000000 
0 fac_khergits {!}Khergits 0 11184810 
 0.000000  0.000000  0.000000  0.000000  0.000000  0.000000  0.000000  0.000000  0.000000  0.000000  0.000000  0.000000  0.000000  0.000000  0.000000  0.000000  0.000000  0.000000  0.000000  0.000000  0.000000  0.000000  0.500000  0.000000  0.000000  0.000000  0.000000  0.000000  0.000000  0.000000  0.000000  0.000000  0.000000 
0 fac_black_khergits {!}Black_Khergits 0 11184810 
 0.000000  0.000000  0.000000  0.000000  0.000000  0.000000  0.000000  0.000000  0.000000  0.000000  0.000000  0.000000  -0.300000  0.000000  -0.020000  -0.020000  0.000000  0.000000  0.000000  0.000000  0.000000  0.000000  0.000000  0.500000  0.000000  0.000000  0.000000  0.000000  0.000000  0.000000  0.000000  0.000000  0.000000 
0 fac_manhunters Marksmen_of_the_Secret_Department 0 11184810 
 0.000000  0.000000  -0.600000  0.000000  0.000000  0.000000  0.000000  0.000000  0.000000  0.000000  0.000000  0.000000  0.100000  0.000000  0.000000  0.000000  0.000000  0.000000  0.000000  0.000000  0.000000  0.000000  0.000000  0.000000  0.500000  -0.600000  -0.600000  -0.600000  0.000000  0.000000  0.000000  0.000000  0.000000 
0 fac_deserters Deserters 0 8947848 
 0.000000  0.000000  0.000000  0.000000  0.000000  -0.500000  0.000000  0.000000  0.000000  0.000000  0.000000  0.000000  -0.100000  -0.020000  -0.020000  -0.020000  -0.020000  -0.020000  -0.020000  0.000000  -0.020000  0.000000  0.000000  0.000000  -0.600000  0.500000  0.000000  0.000000  0.000000  0.000000  0.000000  0.000000  0.000000 
0 fac_mountain_bandits Mountain_Bandits 0 8947848 
 0.000000  -0.200000  0.000000  0.000000  0.000000  -0.500000  0.000000  0.000000  0.000000  0.000000  0.000000  0.000000  -0.150000  -0.050000  -0.050000  -0.050000  -0.050000  -0.050000  -0.050000  0.000000  -0.050000  0.000000  0.000000  0.000000  -0.600000  0.000000  0.500000  0.000000  0.000000  0.000000  0.000000  0.000000  0.000000 
0 fac_forest_bandits Forest_Bandits 0 8947848 
 0.000000  -0.200000  0.000000  0.000000  0.000000  -0.500000  0.000000  0.000000  0.000000  0.000000  0.000000  0.000000  -0.150000  -0.050000  -0.050000  -0.050000  -0.050000  -0.050000  -0.050000  0.000000  -0.050000  0.000000  0.000000  0.000000  -0.600000  0.000000  0.000000  0.500000  0.000000  0.000000  0.000000  0.000000  0.000000 
0 fac_undeads {!}Undeads 33280 11184810 
 0.000000  -0.700000  0.000000  0.000000  0.000000  0.000000  0.000000  0.000000  0.000000  0.000000  0.000000  0.000000  -0.500000  0.000000  0.000000  0.000000  0.000000  0.000000  0.000000  0.000000  0.000000  0.000000  0.000000  0.000000  0.000000  0.000000  0.000000  0.000000  0.500000  0.000000  0.000000  0.000000  0.000000 
0 fac_slavers {!}Slavers 0 11184810 
 0.000000  0.000000  0.000000  0.000000  0.000000  0.000000  0.000000  0.000000  0.000000  0.000000  0.000000  0.000000  0.000000  0.000000  0.000000  0.000000  0.000000  0.000000  0.000000  0.000000  0.000000  0.000000  0.000000  0.000000  0.000000  0.000000  0.000000  0.000000  0.000000  0.100000  0.000000  0.000000  0.000000 
0 fac_peasant_rebels {!}Peasant_Rebels 0 11184810 
 0.000000  0.000000  0.000000  0.000000  0.000000  0.000000  0.000000  0.000000  0.000000  0.000000  0.000000  0.000000  -0.400000  -0.100000  -0.100000  -0.100000  -0.100000  -0.100000  -0.100000  0.000000  -0.100000  0.000000  0.000000  0.000000  0.000000  0.000000  0.000000  0.000000  0.000000  0.000000  1.000000  -1.000000  0.000000 
0 fac_noble_refugees {!}Noble_Refugees 0 11184810 
 0.000000  0.000000  0.000000  0.000000  0.000000  0.000000  0.000000  0.000000  0.000000  0.000000  0.000000  0.000000  0.000000  0.000000  0.000000  0.000000  0.000000  0.000000  0.000000  0.000000  0.000000  0.000000  0.000000  0.000000  0.000000  0.000000  0.000000  0.000000  0.000000  0.000000  -1.000000  0.500000  0.000000 
0 fac_oim_outlaws Outlaws 33280 8947848 
 0.000000  -0.600000  0.000000  0.000000  0.000000  0.000000  0.000000  0.000000  0.000000  0.000000  0.000000  0.000000  -0.150000  0.000000  0.000000  0.000000  0.000000  0.000000  0.000000  0.000000  0.000000  0.000000  0.000000  0.000000  0.000000  0.000000  0.000000  0.000000  0.000000  0.000000  0.000000  0.000000  0.500000 
0 