partiesfile version 1
208 208
 1 0 0 p_main_party Main_Party 1048576 0 0 12 0 0 0 0 0 17.000000 52.500000 17.000000 52.500000 17.000000 52.500000 0.0 1 0 1 0 0 
0.000000
 1 1 1 p_temp_party {!}temp_party 256 0 0 1 0 0 0 0 0 0.000000 0.000000 0.000000 0.000000 0.000000 0.000000 0.0 0 
0.000000
 1 2 2 p_camp_bandits {!}camp_bandits 256 0 0 2 0 0 0 0 0 1.000000 1.000000 1.000000 1.000000 1.000000 1.000000 0.0 1 3 3 0 0 
0.000000
 1 3 3 p_temp_party_2 {!}temp_party_2 256 0 0 1 0 0 0 0 0 0.000000 0.000000 0.000000 0.000000 0.000000 0.000000 0.0 0 
0.000000
 1 4 4 p_temp_casualties {!}casualties 256 0 0 3 0 0 0 0 0 1.000000 1.000000 1.000000 1.000000 1.000000 1.000000 0.0 0 
0.000000
 1 5 5 p_temp_casualties_2 {!}casualties 256 0 0 3 0 0 0 0 0 1.000000 1.000000 1.000000 1.000000 1.000000 1.000000 0.0 0 
0.000000
 1 6 6 p_temp_casualties_3 {!}casualties 256 0 0 3 0 0 0 0 0 1.000000 1.000000 1.000000 1.000000 1.000000 1.000000 0.0 0 
0.000000
 1 7 7 p_temp_wounded {!}enemies_wounded 256 0 0 3 0 0 0 0 0 1.000000 1.000000 1.000000 1.000000 1.000000 1.000000 0.0 0 
0.000000
 1 8 8 p_temp_killed {!}enemies_killed 256 0 0 3 0 0 0 0 0 1.000000 1.000000 1.000000 1.000000 1.000000 1.000000 0.0 0 
0.000000
 1 9 9 p_main_party_backup {!}_ 256 0 0 3 0 0 0 0 0 1.000000 1.000000 1.000000 1.000000 1.000000 1.000000 0.0 0 
0.000000
 1 10 10 p_encountered_party_backup {!}_ 256 0 0 3 0 0 0 0 0 1.000000 1.000000 1.000000 1.000000 1.000000 1.000000 0.0 0 
0.000000
 1 11 11 p_collective_friends_backup {!}_ 256 0 0 3 0 0 0 0 0 1.000000 1.000000 1.000000 1.000000 1.000000 1.000000 0.0 0 
0.000000
 1 12 12 p_player_casualties {!}_ 256 0 0 3 0 0 0 0 0 1.000000 1.000000 1.000000 1.000000 1.000000 1.000000 0.0 0 
0.000000
 1 13 13 p_enemy_casualties {!}_ 256 0 0 3 0 0 0 0 0 1.000000 1.000000 1.000000 1.000000 1.000000 1.000000 0.0 0 
0.000000
 1 14 14 p_ally_casualties {!}_ 256 0 0 3 0 0 0 0 0 1.000000 1.000000 1.000000 1.000000 1.000000 1.000000 0.0 0 
0.000000
 1 15 15 p_collective_enemy {!}collective_enemy 256 0 0 3 0 0 0 0 0 1.000000 1.000000 1.000000 1.000000 1.000000 1.000000 0.0 0 
0.000000
 1 16 16 p_collective_ally {!}collective_ally 256 0 0 3 0 0 0 0 0 1.000000 1.000000 1.000000 1.000000 1.000000 1.000000 0.0 0 
0.000000
 1 17 17 p_collective_friends {!}collective_ally 256 0 0 3 0 0 0 0 0 1.000000 1.000000 1.000000 1.000000 1.000000 1.000000 0.0 0 
0.000000
 1 18 18 p_total_enemy_casualties {!}_ 256 0 0 3 0 0 0 0 0 1.000000 1.000000 1.000000 1.000000 1.000000 1.000000 0.0 0 
0.000000
 1 19 19 p_routed_enemies {!}routed_enemies 256 0 0 3 0 0 0 0 0 1.000000 1.000000 1.000000 1.000000 1.000000 1.000000 0.0 0 
0.000000
 1 20 20 p_zendar Zendar 2114828 0 0 3 0 0 0 0 0 18.000000 60.000000 18.000000 60.000000 18.000000 60.000000 0.0 0 
0.000000
 1 21 21 p_town_1 Koenigsberg 4220117 0 0 3 0 0 0 0 0 -90.550000 -8.500000 -90.550000 -8.500000 -90.550000 -8.500000 0.0 0 
2.967060
 1 22 22 p_town_2 Reval 4220117 0 0 3 0 0 0 0 0 -64.000000 66.000000 -64.000000 66.000000 -64.000000 66.000000 0.0 0 
2.094395
 1 23 23 p_town_3 Kiev 4220124 0 0 3 0 0 0 0 0 12.192857 -48.330658 12.192857 -48.330658 12.192857 -48.330658 0.0 0 
1.396263
 1 24 24 p_town_4 Vilna 4220118 0 0 3 0 0 0 0 0 -54.830000 5.320000 -54.830000 5.320000 -54.830000 5.320000 0.0 0 
5.061455
 1 25 25 p_town_5 Sich 4220124 0 0 3 0 0 0 0 0 38.280000 -60.790000 38.280000 -60.790000 38.280000 -60.790000 0.0 0 
1.570796
 1 26 26 p_town_6 Warsaw 4220117 0 0 3 0 0 0 0 0 -70.240000 -34.710000 -70.240000 -34.710000 -70.240000 -34.710000 0.0 0 
2.705260
 1 27 27 p_town_7 Lviv 4220117 0 0 3 0 0 0 0 0 -36.000000 -60.480000 -36.000000 -60.480000 -36.000000 -60.480000 0.0 0 
4.188790
 1 28 28 p_town_8 Moscow 4220122 0 0 3 0 0 0 0 0 79.671000 74.781000 79.671000 74.781000 79.671000 74.781000 0.0 0 
3.054326
 1 29 29 p_town_9 Pskov 4220122 0 0 3 0 0 0 0 0 -12.790000 56.890000 -12.790000 56.890000 -12.790000 56.890000 0.0 0 
1.570796
 1 30 30 p_town_10 Azaq-kale 4219917 0 0 3 0 0 0 0 0 98.320000 -55.910000 98.320000 -55.910000 98.320000 -55.910000 0.0 0 
5.410521
 1 31 31 p_town_11 Cherkassk 4220124 0 0 3 0 0 0 0 0 101.740000 -44.940000 101.740000 -44.940000 101.740000 -44.940000 0.0 0 
2.617994
 1 32 32 p_town_12 Riga 4220117 0 0 3 0 0 0 0 0 -61.820000 35.000000 -61.820000 35.000000 -61.820000 35.000000 0.0 0 
0.436332
 1 33 33 p_town_13 Smolensk 4220120 0 0 3 0 0 0 0 0 42.518000 35.922000 42.518000 35.922000 42.518000 35.922000 0.0 0 
1.047198
 1 34 34 p_town_14 Bakhchisaray 4219917 0 0 3 0 0 0 0 0 52.000000 -97.800000 52.000000 -97.800000 52.000000 -97.800000 0.0 0 
2.356194
 1 35 35 p_town_15 Chernigov 4220124 0 0 3 0 0 0 0 0 15.990000 -29.370000 15.990000 -29.370000 15.990000 -29.370000 0.0 0 
2.356194
 1 36 36 p_town_16 Krakov 4220117 0 0 3 0 0 0 0 0 -54.000000 -55.980000 -54.000000 -55.980000 -54.000000 -55.980000 0.0 0 
2.356194
 1 37 37 p_town_17 Akkerman 4219917 0 0 3 0 0 0 0 0 4.020000 -100.290000 4.020000 -100.290000 4.020000 -100.290000 0.0 0 
2.356194
 1 38 38 p_town_18 Kyzykermen 4219917 0 0 3 0 0 0 0 0 30.950000 -71.870000 30.950000 -71.870000 30.950000 -71.870000 0.0 0 
2.356194
 1 39 39 p_castle_1 Zbarazh_Fortress 4216022 0 0 3 0 0 0 0 0 -7.280000 -52.880000 -7.280000 -52.880000 -7.280000 -52.880000 0.0 0 
0.872665
 1 40 40 p_castle_2 Kezlev_Fortress 4215839 0 0 3 0 0 0 0 0 38.180000 -94.740000 38.180000 -94.740000 38.180000 -94.740000 0.0 0 
1.308997
 1 41 41 p_castle_3 Polotsk 4220122 0 0 3 0 0 0 0 0 -16.380000 28.590000 -16.380000 28.590000 -16.380000 28.590000 0.0 0 
1.745329
 1 42 42 p_castle_4 Vyborg 4216022 0 0 3 0 0 0 0 0 -32.000000 96.200000 -32.000000 96.200000 -32.000000 96.200000 0.0 0 
3.141593
 1 43 43 p_castle_5 Dzvinsk_Castle 4216022 0 0 3 0 0 0 0 0 -36.000000 42.740000 -36.000000 42.740000 -36.000000 42.740000 0.0 0 
1.570796
 1 44 44 p_castle_6 Novgorod 4220122 0 0 3 0 0 0 0 0 3.450000 92.410000 3.450000 92.410000 3.450000 92.410000 0.0 0 
0.959931
 1 45 45 p_castle_7 Kilburun_Fortress 4215821 0 0 3 0 0 0 0 0 19.390000 -79.660000 19.390000 -79.660000 19.390000 -79.660000 0.0 0 
0.785398
 1 46 46 p_castle_8 Tver' 4220122 0 0 3 0 0 0 0 0 46.264000 78.142000 46.264000 78.142000 46.264000 78.142000 0.0 0 
0.523599
 1 47 47 p_castle_9 Poltava 4220124 0 0 3 0 0 0 0 0 47.220000 -22.352700 47.220000 -22.352700 47.220000 -22.352700 0.0 0 
1.745329
 1 48 48 p_castle_10 Kovno_Fortress 4216022 0 0 3 0 0 0 0 0 -76.820000 13.370000 -76.820000 13.370000 -76.820000 13.370000 0.0 0 
1.919862
 1 49 49 p_castle_11 Myadzelsk_Castle 4216022 0 0 3 0 0 0 0 0 -34.120000 30.230000 -34.120000 30.230000 -34.120000 30.230000 0.0 0 
1.308997
 1 50 50 p_castle_12 Narva 4220117 0 0 3 0 0 0 0 0 -38.440000 73.510000 -38.440000 73.510000 -38.440000 73.510000 0.0 0 
1.658063
 1 51 51 p_castle_13 Slutsk 4220117 0 0 3 0 0 0 0 0 -19.680000 -15.220000 -19.680000 -15.220000 -19.680000 -15.220000 0.0 0 
2.007129
 1 52 52 p_castle_14 Bratslav 4220120 0 0 3 0 0 0 0 0 -19.340000 -70.270000 -19.340000 -70.270000 -19.340000 -70.270000 0.0 0 
1.570796
 1 53 53 p_castle_15 Cherkassy 4220124 0 0 3 0 0 0 0 0 27.457000 -53.226000 27.457000 -53.226000 27.457000 -53.226000 0.0 0 
4.101524
 1 54 54 p_castle_16 Korsun 4220124 0 0 3 0 0 0 0 0 17.000000 -57.940000 17.000000 -57.940000 17.000000 -57.940000 0.0 0 
0.785398
 1 55 55 p_castle_17 Perekop 4219917 0 0 3 0 0 0 0 0 44.676000 -83.257000 44.676000 -83.257000 44.676000 -83.257000 0.0 0 
0.261799
 1 56 56 p_castle_18 Rzhev_Fortress 4216024 0 0 3 0 0 0 0 0 45.975000 57.794000 45.975000 57.794000 45.975000 57.794000 0.0 0 
5.235988
 1 57 57 p_castle_19 Kursk 4220122 0 0 3 0 0 0 0 0 69.130000 15.600000 69.130000 15.600000 69.130000 15.600000 0.0 0 
4.886922
 1 58 58 p_castle_20 Lodz_Castle 4216022 0 0 3 0 0 0 0 0 -80.150000 -64.520000 -80.150000 -64.520000 -80.150000 -64.520000 0.0 0 
4.537856
 1 59 59 p_castle_21 Pereyaslav 4220124 0 0 3 0 0 0 0 0 32.330000 -34.360000 32.330000 -34.360000 32.330000 -34.360000 0.0 0 
4.537856
 1 60 60 p_castle_22 Kafa 4219917 0 0 3 0 0 0 0 0 65.530000 -90.420000 65.530000 -90.420000 65.530000 -90.420000 0.0 0 
4.537856
 1 61 61 p_castle_23 Dubensk_Castle 4216022 0 0 3 0 0 0 0 0 -32.336000 -51.239000 -32.336000 -51.239000 -32.336000 -51.239000 0.0 0 
1.396263
 1 62 62 p_castle_24 Kamenets 4220118 0 0 3 0 0 0 0 0 -44.400000 -93.347000 -44.400000 -93.347000 -44.400000 -93.347000 0.0 0 
4.537856
 1 63 63 p_castle_25 Lublin 4220118 0 0 3 0 0 0 0 0 -45.510000 -33.790000 -45.510000 -33.790000 -45.510000 -33.790000 0.0 0 
4.537856
 1 64 64 p_castle_26 Minsk 4220117 0 0 3 0 0 0 0 0 -27.736900 -27.730000 -27.736900 -27.730000 -27.736900 -27.730000 0.0 0 
4.537856
 1 65 65 p_castle_27 Berestye_Fortress 4216024 0 0 3 0 0 0 0 0 -54.950000 -23.630000 -54.950000 -23.630000 -54.950000 -23.630000 0.0 0 
4.537856
 1 66 66 p_castle_28 Bar_Fortress 4216022 0 0 3 0 0 0 0 0 -29.990000 -69.950000 -29.990000 -69.950000 -29.990000 -69.950000 0.0 0 
4.537856
 1 67 67 p_castle_29 Bryansk_Fortress 4216026 0 0 3 0 0 0 0 0 46.940000 6.250000 46.940000 6.250000 46.940000 6.250000 0.0 0 
4.886922
 1 68 68 p_castle_30 Izmail_Fortress 4215821 0 0 3 0 0 0 0 0 -6.160000 -88.580000 -6.160000 -88.580000 -6.160000 -88.580000 0.0 0 
4.537856
 1 69 69 p_castle_31 Ryazan 4220122 0 0 3 0 0 0 0 0 98.311000 63.525000 98.311000 63.525000 98.311000 63.525000 0.0 0 
4.537856
 1 70 70 p_castle_32 Allenstein_Castle 4216022 0 0 3 0 0 0 0 0 -87.000000 -20.700000 -87.000000 -20.700000 -87.000000 -20.700000 0.0 0 
4.537856
 1 71 71 p_castle_33 Ladyzhyn_Fortress 4216024 0 0 3 0 0 0 0 0 2.980000 -72.520000 2.980000 -72.520000 2.980000 -72.520000 0.0 0 
1.396263
 1 72 72 p_castle_34 Dorpat_Fortress 4216021 0 0 3 0 0 0 0 0 -38.130000 52.360000 -38.130000 52.360000 -38.130000 52.360000 0.0 0 
4.537856
 1 73 73 p_castle_35 Lida_Castle 4216022 0 0 3 0 0 0 0 0 -49.350000 -7.571000 -49.350000 -7.571000 -49.350000 -7.571000 0.0 0 
4.537856
 1 74 74 p_castle_36 Dynaburg_Fortress 4216021 0 0 3 0 0 0 0 0 -56.320000 39.600000 -56.320000 39.600000 -56.320000 39.600000 0.0 0 
4.537856
 1 75 75 p_castle_37 Tula 4220122 0 0 3 0 0 0 0 0 75.988000 49.865000 75.988000 49.865000 75.988000 49.865000 0.0 0 
4.537856
 1 76 76 p_castle_38 Kalanchak_Fortress 4215821 0 0 3 0 0 0 0 0 28.320000 -85.000000 28.320000 -85.000000 28.320000 -85.000000 0.0 0 
4.537856
 1 77 77 p_castle_39 Izum_Fortress 4216026 0 0 3 0 0 0 0 0 75.410000 -33.560000 75.410000 -33.560000 75.410000 -33.560000 0.0 0 
4.886922
 1 78 78 p_castle_40 Kyzyl-yar_Fortress 4215821 0 0 3 0 0 0 0 0 68.760000 -54.850000 68.760000 -54.850000 68.760000 -54.850000 0.0 0 
4.537856
 1 79 79 p_village_1 Plotsk 2114759 0 0 3 0 0 0 0 0 -87.120000 -45.940000 -87.120000 -45.940000 -87.120000 -45.940000 0.0 0 
1.745329
 1 80 80 p_village_2 Wadowice 2114759 0 0 3 0 0 0 0 0 -62.920000 -60.230000 -62.920000 -60.230000 -62.920000 -60.230000 0.0 0 
1.919862
 1 81 81 p_village_3 Ovruch 2114759 0 0 3 0 0 0 0 0 -18.000000 0.440000 -18.000000 0.440000 -18.000000 0.440000 0.0 0 
2.094395
 1 82 82 p_village_4 Dunayivtsi 2114753 0 0 3 0 0 0 0 0 -53.300000 -89.410000 -53.300000 -89.410000 -53.300000 -89.410000 0.0 0 
2.268928
 1 83 83 p_village_5 Elbing 2114762 0 0 3 0 0 0 0 0 -97.400000 -19.540000 -97.400000 -19.540000 -97.400000 -19.540000 0.0 0 
2.967060
 1 84 84 p_village_6 Widawa 2114759 0 0 3 0 0 0 0 0 -89.190000 -68.170000 -89.190000 -68.170000 -89.190000 -68.170000 0.0 0 
1.745329
 1 85 85 p_village_7 Amere 2114762 0 0 3 0 0 0 0 0 -76.440000 -84.800000 -76.440000 -84.800000 -76.440000 -84.800000 0.0 0 
1.919862
 1 86 86 p_village_8 Wesenberg 2114762 0 0 3 0 0 0 0 0 -52.640000 66.160000 -52.640000 66.160000 -52.640000 66.160000 0.0 0 
2.094395
 1 87 87 p_village_9 Pohrebysche 2114753 0 0 3 0 0 0 0 0 3.009000 -63.560000 3.009000 -63.560000 3.009000 -63.560000 0.0 0 
2.268928
 1 88 88 p_village_10 Redkino 2114771 0 0 3 0 0 0 0 0 53.833000 81.383000 53.833000 81.383000 53.833000 81.383000 0.0 0 
2.967060
 1 89 89 p_village_11 Ordash 2114765 0 0 3 0 0 0 0 0 40.460000 -73.000000 40.460000 -73.000000 40.460000 -73.000000 0.0 0 
1.745329
 1 90 90 p_village_12 Boguslav 2114753 0 0 3 0 0 0 0 0 19.360000 -63.700000 19.360000 -63.700000 19.360000 -63.700000 0.0 0 
1.919862
 1 91 91 p_village_13 Stryi 2114753 0 0 3 0 0 0 0 0 -35.450000 -75.000000 -35.450000 -75.000000 -35.450000 -75.000000 0.0 0 
2.094395
 1 92 92 p_village_14 Slantsy 2114771 0 0 3 0 0 0 0 0 -21.310000 63.460000 -21.310000 63.460000 -21.310000 63.460000 0.0 0 
2.268928
 1 93 93 p_village_15 Baranovichi 2114753 0 0 3 0 0 0 0 0 -42.120000 -24.780000 -42.120000 -24.780000 -42.120000 -24.780000 0.0 0 
2.967060
 1 94 94 p_village_16 Tarusa 2114771 0 0 3 0 0 0 0 0 82.874000 66.518000 82.874000 66.518000 82.874000 66.518000 0.0 0 
2.967060
 1 95 95 p_village_17 Krivichi 2114759 0 0 3 0 0 0 0 0 22.340000 53.200000 22.340000 53.200000 22.340000 53.200000 0.0 0 
0.610865
 1 96 96 p_village_18 Ponyri 2114753 0 0 3 0 0 0 0 0 65.510000 32.250000 65.510000 32.250000 65.510000 32.250000 0.0 0 
2.967060
 1 97 97 p_village_19 Pokrovskoye 2114771 0 0 3 0 0 0 0 0 74.535000 42.430000 74.535000 42.430000 74.535000 42.430000 0.0 0 
2.967060
 1 98 98 p_village_20 Yefremovo 2114771 0 0 3 0 0 0 0 0 55.300000 21.160000 55.300000 21.160000 55.300000 21.160000 0.0 0 
2.967060
 1 99 99 p_village_21 Oboyan 2114771 0 0 3 0 0 0 0 0 82.400000 1.810000 82.400000 1.810000 82.400000 1.810000 0.0 0 
1.745329
 1 100 100 p_village_22 Lgov 2114771 0 0 3 0 0 0 0 0 62.260000 3.270000 62.260000 3.270000 62.260000 3.270000 0.0 0 
1.919862
 1 101 101 p_village_23 Magdalenovka 2114753 0 0 3 0 0 0 0 0 52.630000 -32.240000 52.630000 -32.240000 52.630000 -32.240000 0.0 0 
2.094395
 1 102 102 p_village_24 Sinelnikovo 2114753 0 0 3 0 0 0 0 0 46.110000 -51.980000 46.110000 -51.980000 46.110000 -51.980000 0.0 0 
2.268928
 1 103 103 p_village_25 Dzhankoy 2114765 0 0 3 0 0 0 0 0 50.760000 -86.680000 50.760000 -86.680000 50.760000 -86.680000 0.0 0 
2.967060
 1 104 104 p_village_26 Snovsk 2114753 0 0 3 0 0 0 0 0 18.730000 -23.090000 18.730000 -23.090000 18.730000 -23.090000 0.0 0 
2.967060
 1 105 105 p_village_27 Slavuta 2114753 0 0 3 0 0 0 0 0 -10.000000 -46.790000 -10.000000 -46.790000 -10.000000 -46.790000 0.0 0 
2.967060
 1 106 106 p_village_28 Sivash 2114765 0 0 3 0 0 0 0 0 49.970000 -78.900000 49.970000 -78.900000 49.970000 -78.900000 0.0 0 
2.967060
 1 107 107 p_village_29 Siegevold 2114762 0 0 3 0 0 0 0 0 -55.750000 48.180000 -55.750000 48.180000 -55.750000 48.180000 0.0 0 
2.967060
 1 108 108 p_village_30 Salis 2114762 0 0 3 0 0 0 0 0 -68.110000 44.310000 -68.110000 44.310000 -68.110000 44.310000 0.0 0 
2.967060
 1 109 109 p_village_31 Pilve 2114762 0 0 3 0 0 0 0 0 -31.500000 48.240000 -31.500000 48.240000 -31.500000 48.240000 0.0 0 
1.745329
 1 110 110 p_village_32 Staronowice 2114759 0 0 3 0 0 0 0 0 -56.500000 -41.000000 -56.500000 -41.000000 -56.500000 -41.000000 0.0 0 
1.919862
 1 111 111 p_village_33 Radzilow 2114759 0 0 3 0 0 0 0 0 -68.970000 -25.270000 -68.970000 -25.270000 -68.970000 -25.270000 0.0 0 
2.094395
 1 112 112 p_village_34 Molodechno 2114759 0 0 3 0 0 0 0 0 -39.019000 -14.731000 -39.019000 -14.731000 -39.019000 -14.731000 0.0 0 
2.268928
 1 113 113 p_village_35 Snechko 2114762 0 0 3 0 0 0 0 0 -29.210000 35.130000 -29.210000 35.130000 -29.210000 35.130000 0.0 0 
2.967060
 1 114 114 p_village_36 Nidritsa 2114759 0 0 3 0 0 0 0 0 -96.190000 -29.930000 -96.190000 -29.930000 -96.190000 -29.930000 0.0 0 
2.967060
 1 115 115 p_village_37 Budjak 2114765 0 0 3 0 0 0 0 0 8.280000 -92.500000 8.280000 -92.500000 8.280000 -92.500000 0.0 0 
2.967060
 1 116 116 p_village_38 Solechniki 2114759 0 0 3 0 0 0 0 0 -63.620000 -16.340000 -63.620000 -16.340000 -63.620000 -16.340000 0.0 0 
2.967060
 1 117 117 p_village_39 Ostrovets 2114759 0 0 3 0 0 0 0 0 -48.070000 6.400000 -48.070000 6.400000 -48.070000 6.400000 0.0 0 
2.967060
 1 118 118 p_village_40 Kryliv 2114753 0 0 3 0 0 0 0 0 27.480000 -59.890000 27.480000 -59.890000 27.480000 -59.890000 0.0 0 
2.967060
 1 119 119 p_village_41 Tumnek 2114765 0 0 3 0 0 0 0 0 92.100000 -76.760000 92.100000 -76.760000 92.100000 -76.760000 0.0 0 
1.745329
 1 120 120 p_village_42 Pologi 2114753 0 0 3 0 0 0 0 0 45.680000 -62.000000 45.680000 -62.000000 45.680000 -62.000000 0.0 0 
1.919862
 1 121 121 p_village_43 Ak-Mechet 2114765 0 0 3 0 0 0 0 0 51.360000 -92.884000 51.360000 -92.884000 51.360000 -92.884000 0.0 0 
2.094395
 1 122 122 p_village_44 Esaq 2114765 0 0 3 0 0 0 0 0 94.940000 -63.720000 94.940000 -63.720000 94.940000 -63.720000 0.0 0 
2.268928
 1 123 123 p_village_45 Inkerman 2114765 0 0 3 0 0 0 0 0 44.189000 -93.217000 44.189000 -93.217000 44.189000 -93.217000 0.0 0 
2.967060
 1 124 124 p_village_46 Ilyintsy 2114753 0 0 3 0 0 0 0 0 -6.630000 -65.689900 -6.630000 -65.689900 -6.630000 -65.689900 0.0 0 
2.967060
 1 125 125 p_village_47 Zolotonosha 2114753 0 0 3 0 0 0 0 0 28.000000 -44.690000 28.000000 -44.690000 28.000000 -44.690000 0.0 0 
2.967060
 1 126 126 p_village_48 Potoki 2114753 0 0 3 0 0 0 0 0 -22.610000 -76.100000 -22.610000 -76.100000 -22.610000 -76.100000 0.0 0 
2.967060
 1 127 127 p_village_49 Nugai 2114765 0 0 3 0 0 0 0 0 70.700000 -41.400000 70.700000 -41.400000 70.700000 -41.400000 0.0 0 
0.174533
 1 128 128 p_village_50 Sofronovo 2114771 0 0 3 0 0 0 0 0 48.730000 43.890000 48.730000 43.890000 48.730000 43.890000 0.0 0 
2.967060
 1 129 129 p_village_51 Weissenstein 2114762 0 0 3 0 0 0 0 0 -52.000000 57.260000 -52.000000 57.260000 -52.000000 57.260000 0.0 0 
1.745329
 1 130 130 p_village_52 Khorol 2114753 0 0 3 0 0 0 0 0 40.860000 -30.270000 40.860000 -30.270000 40.860000 -30.270000 0.0 0 
1.919862
 1 131 131 p_village_53 Nesvizh 2114759 0 0 3 0 0 0 0 0 -34.248000 -8.536000 -34.248000 -8.536000 -34.248000 -8.536000 0.0 0 
2.094395
 1 132 132 p_village_54 Chenstokhova 2114759 0 0 3 0 0 0 0 0 -70.450000 -53.970000 -70.450000 -53.970000 -70.450000 -53.970000 0.0 0 
2.268928
 1 133 133 p_village_55 Luga 2114753 0 0 3 0 0 0 0 0 6.558000 -57.445000 6.558000 -57.445000 6.558000 -57.445000 0.0 0 
2.967060
 1 134 134 p_village_56 Torma 2114762 0 0 3 0 0 0 0 0 -42.720000 65.520000 -42.720000 65.520000 -42.720000 65.520000 0.0 0 
2.967060
 1 135 135 p_village_57 Babice 2114759 0 0 3 0 0 0 0 0 -70.190000 -71.940000 -70.190000 -71.940000 -70.190000 -71.940000 0.0 0 
2.967060
 1 136 136 p_village_58 Yartsy 2114771 0 0 3 0 0 0 0 0 33.194000 61.428000 33.194000 61.428000 33.194000 61.428000 0.0 0 
2.967060
 1 137 137 p_village_59 Loyew 2114753 0 0 3 0 0 0 0 0 -3.100000 -32.730000 -3.100000 -32.730000 -3.100000 -32.730000 0.0 0 
2.967060
 1 138 138 p_village_60 Dobrush 2114759 0 0 3 0 0 0 0 0 -21.340000 -21.357000 -21.340000 -21.357000 -21.340000 -21.357000 0.0 0 
2.967060
 1 139 139 p_village_61 Leal 2114762 0 0 3 0 0 0 0 0 -66.950000 56.020000 -66.950000 56.020000 -66.950000 56.020000 0.0 0 
1.745329
 1 140 140 p_village_62 Staritsa 2114771 0 0 3 0 0 0 0 0 41.819000 66.397000 41.819000 66.397000 41.819000 66.397000 0.0 0 
1.745329
 1 141 141 p_village_63 Ostroleka 2114759 0 0 3 0 0 0 0 0 -79.710000 -30.750000 -79.710000 -30.750000 -79.710000 -30.750000 0.0 0 
1.745329
 1 142 142 p_village_64 Kobelyaki 2114753 0 0 3 0 0 0 0 0 43.550000 -42.070000 43.550000 -42.070000 43.550000 -42.070000 0.0 0 
1.745329
 1 143 143 p_village_65 Dubechnya 2114753 0 0 3 0 0 0 0 0 8.600000 -39.500000 8.600000 -39.500000 8.600000 -39.500000 0.0 0 
1.745329
 1 144 144 p_village_66 Zamoshye 2114771 0 0 3 0 0 0 0 0 36.970000 14.270000 36.970000 14.270000 36.970000 14.270000 0.0 0 
1.745329
 1 145 145 p_village_67 Rudnya 2114759 0 0 3 0 0 0 0 0 25.260000 32.640000 25.260000 32.640000 25.260000 32.640000 0.0 0 
1.745329
 1 146 146 p_village_68 Lubenets 2114753 0 0 3 0 0 0 0 0 33.470000 -23.440000 33.470000 -23.440000 33.470000 -23.440000 0.0 0 
1.745329
 1 147 147 p_village_69 Tapiau 2114762 0 0 3 0 0 0 0 0 -79.640000 -6.290000 -79.640000 -6.290000 -79.640000 -6.290000 0.0 0 
1.745329
 1 148 148 p_village_70 Lyubotin 2114753 0 0 3 0 0 0 0 0 57.110000 -43.400000 57.110000 -43.400000 57.110000 -43.400000 0.0 0 
1.745329
 1 149 149 p_village_71 Sambir 2114759 0 0 3 0 0 0 0 0 -59.220000 -78.690000 -59.220000 -78.690000 -59.220000 -78.690000 0.0 0 
0.349066
 1 150 150 p_village_72 Vydzy 2114759 0 0 3 0 0 0 0 0 -27.014000 15.311000 -27.014000 15.311000 -27.014000 15.311000 0.0 0 
1.047198
 1 151 151 p_village_73 Kozelets 2114753 0 0 3 0 0 0 0 0 4.960000 -26.150000 4.960000 -26.150000 4.960000 -26.150000 0.0 0 
0.959931
 1 152 152 p_village_74 Klin 2114771 0 0 3 0 0 0 0 0 69.370000 79.286000 69.370000 79.286000 69.370000 79.286000 0.0 0 
0.261799
 1 153 153 p_village_75 Ludinovo 2114759 0 0 3 0 0 0 0 0 19.540000 15.130000 19.540000 15.130000 19.540000 15.130000 0.0 0 
0.174533
 1 154 154 p_village_76 Czaple 2114765 0 0 3 0 0 0 0 0 34.720000 -80.600000 34.720000 -80.600000 34.720000 -80.600000 0.0 0 
0.610865
 1 155 155 p_village_77 Panevezys 2114762 0 0 3 0 0 0 0 0 -51.360000 24.120000 -51.360000 24.120000 -51.360000 24.120000 0.0 0 
2.792527
 1 156 156 p_village_78 Pavoloch 2114753 0 0 3 0 0 0 0 0 5.553000 -44.845000 5.553000 -44.845000 5.553000 -44.845000 0.0 0 
3.141593
 1 157 157 p_village_79 Borispol 2114753 0 0 3 0 0 0 0 0 21.330000 -38.450000 21.330000 -38.450000 21.330000 -38.450000 0.0 0 
0.000000
 1 158 158 p_village_80 Vendau 2114753 0 0 3 0 0 0 0 0 -84.790000 19.410000 -84.790000 19.410000 -84.790000 19.410000 0.0 0 
0.698132
 1 159 159 p_village_81 Siauliai 2114762 0 0 3 0 0 0 0 0 -63.640000 24.600000 -63.640000 24.600000 -63.640000 24.600000 0.0 0 
0.349066
 1 160 160 p_village_82 Trakai 2114759 0 0 3 0 0 0 0 0 -63.770000 -1.700000 -63.770000 -1.700000 -63.770000 -1.700000 0.0 0 
1.047198
 1 161 161 p_village_83 Lisyanka 2114753 0 0 3 0 0 0 0 0 10.820000 -65.530000 10.820000 -65.530000 10.820000 -65.530000 0.0 0 
0.959931
 1 162 162 p_village_84 Maslov_Brod 2114753 0 0 3 0 0 0 0 0 12.820000 -53.530000 12.820000 -53.530000 12.820000 -53.530000 0.0 0 
0.261799
 1 163 163 p_village_85 Loknya 2114759 0 0 3 0 0 0 0 0 6.440000 39.980000 6.440000 39.980000 6.440000 39.980000 0.0 0 
0.174533
 1 164 164 p_village_86 Valuiki 2114771 0 0 3 0 0 0 0 0 71.830000 -11.520000 71.830000 -11.520000 71.830000 -11.520000 0.0 0 
0.610865
 1 165 165 p_village_87 Plunge 2114762 0 0 3 0 0 0 0 0 -85.650000 6.100000 -85.650000 6.100000 -85.650000 6.100000 0.0 0 
2.792527
 1 166 166 p_village_88 Kiliya 2114765 0 0 3 0 0 0 0 0 24.210000 -73.900000 24.210000 -73.900000 24.210000 -73.900000 0.0 0 
3.141593
 1 167 167 p_village_89 Leschinovka 2114753 0 0 3 0 0 0 0 0 36.030000 -44.150000 36.030000 -44.150000 36.030000 -44.150000 0.0 0 
0.000000
 1 168 168 p_village_90 Kolomak 2114753 0 0 3 0 0 0 0 0 55.330000 -17.310000 55.330000 -17.310000 55.330000 -17.310000 0.0 0 
0.698132
 1 169 169 p_salt_mine Salt_Mine 2114831 0 0 3 0 0 0 0 0 99.660000 -80.800000 99.660000 -80.800000 99.660000 -80.800000 0.0 0 
0.000000
 1 170 170 p_four_ways_inn Four_Ways_Inn 2114831 0 0 3 0 0 0 0 0 12.590000 9.220000 12.590000 9.220000 12.590000 9.220000 0.0 0 
0.000000
 1 171 171 p_test_scene test_scene 2114831 0 0 3 0 0 0 0 0 10.800000 -19.600000 10.800000 -19.600000 10.800000 -19.600000 0.0 0 
0.000000
 1 172 172 p_battlefields battlefields 2114831 0 0 3 0 0 0 0 0 9.530000 -11.850000 9.530000 -11.850000 9.530000 -11.850000 0.0 0 
0.000000
 1 173 173 p_dhorak_keep Dhorak_Keep 2639116 0 0 3 0 0 0 0 0 -46.790000 -60.130000 -46.790000 -60.130000 -46.790000 -60.130000 0.0 0 
0.000000
 1 174 174 p_training_ground Mercenary_camp 2114858 0 0 3 0 0 0 0 0 14.120000 5.070000 14.120000 5.070000 14.120000 5.070000 0.0 0 
0.000000
 1 175 175 p_training_ground_1 Mercenary_camp 2118698 0 0 3 0 0 0 0 0 72.870000 66.200000 72.870000 66.200000 72.870000 66.200000 0.0 0 
1.745329
 1 176 176 p_training_ground_2 Mercenary_camp 2118698 0 0 3 0 0 0 0 0 -53.300000 52.470000 -53.300000 52.470000 -53.300000 52.470000 0.0 0 
1.745329
 1 177 177 p_training_ground_3 Mercenary_camp 2118698 0 0 3 0 0 0 0 0 33.890000 -56.940000 33.890000 -56.940000 33.890000 -56.940000 0.0 0 
1.745329
 1 178 178 p_training_ground_4 Mercenary_camp 2118698 0 0 3 0 0 0 0 0 48.600000 -90.580000 48.600000 -90.580000 48.600000 -90.580000 0.0 0 
1.745329
 1 179 179 p_training_ground_5 Mercenary_camp 2118698 0 0 3 0 0 0 0 0 -54.320000 -65.480000 -54.320000 -65.480000 -54.320000 -65.480000 0.0 0 
1.745329
 1 180 180 p_temp_party_3 {!}temp_party_3 256 0 0 1 0 0 0 0 0 0.000000 0.000000 0.000000 0.000000 0.000000 0.000000 0.0 0 
0.000000
 1 181 181 p_bridge_1 {!}1 541739 0 0 3 0 0 0 0 0 -41.250000 36.430000 -41.250000 36.430000 -41.250000 36.430000 0.0 0 
0.069813
 1 182 182 p_bridge_2 {!}2 541739 0 0 3 0 0 0 0 0 -72.530000 2.780000 -72.530000 2.780000 -72.530000 2.780000 0.0 0 
0.122173
 1 183 183 p_bridge_3 {!}3 541739 0 0 3 0 0 0 0 0 86.670000 17.470000 86.670000 17.470000 86.670000 17.470000 0.0 0 
1.378810
 1 184 184 p_bridge_4 {!}4 541739 0 0 3 0 0 0 0 0 8.810000 -78.970000 8.810000 -78.970000 8.810000 -78.970000 0.0 0 
1.797689
 1 185 185 p_bridge_5 {!}5 541739 0 0 3 0 0 0 0 0 46.921000 75.508000 46.921000 75.508000 46.921000 75.508000 0.0 0 
0.785398
 1 186 186 p_bridge_6 {!}6 541741 0 0 3 0 0 0 0 0 4.410000 -40.280000 4.410000 -40.280000 4.410000 -40.280000 0.0 0 
2.600541
 1 187 187 p_bridge_7 {!}7 541741 0 0 3 0 0 0 0 0 35.040000 -70.750000 35.040000 -70.750000 35.040000 -70.750000 0.0 0 
1.099557
 1 188 188 p_bridge_8 {!}8 541741 0 0 3 0 0 0 0 0 21.063500 -47.210000 21.063500 -47.210000 21.063500 -47.210000 0.0 0 
2.844887
 1 189 189 p_bridge_9 {!}9 541739 0 0 3 0 0 0 0 0 24.660000 -28.060000 24.660000 -28.060000 24.660000 -28.060000 0.0 0 
0.383972
 1 190 190 p_bridge_10 {!}10 541739 0 0 3 0 0 0 0 0 -11.700000 -74.000000 -11.700000 -74.000000 -11.700000 -74.000000 0.0 0 
0.000000
 1 191 191 p_bridge_11 {!}11 541739 0 0 3 0 0 0 0 0 -82.250000 -38.864000 -82.250000 -38.864000 -82.250000 -38.864000 0.0 0 
0.174533
 1 192 192 p_bridge_12 {!}12 541740 0 0 3 0 0 0 0 0 -12.040000 36.860000 -12.040000 36.860000 -12.040000 36.860000 0.0 0 
0.174533
 1 193 193 p_bridge_13 {!}13 541740 0 0 3 0 0 0 0 0 103.220000 -49.270000 103.220000 -49.270000 103.220000 -49.270000 0.0 0 
0.401426
 1 194 194 p_bridge_14 {!}14 541740 0 0 3 0 0 0 0 0 -2.790000 -17.200000 -2.790000 -17.200000 -2.790000 -17.200000 0.0 0 
1.291544
 1 195 195 p_bridge_15 {!}15 541740 0 0 3 0 0 0 0 0 -41.800000 -77.050000 -41.800000 -77.050000 -41.800000 -77.050000 0.0 0 
0.000000
 1 196 196 p_steppe_bandit_spawn_point_1 {!}steppe_bandit_sp_1 1280 0 0 2 0 0 0 0 0 46.770000 -85.730000 46.770000 -85.730000 46.770000 -85.730000 0.0 0 
0.000000
 1 197 197 p_steppe_bandit_spawn_point_2 {!}steppe_bandit_sp_2 1280 0 0 2 0 0 0 0 0 59.500000 -67.000000 59.500000 -67.000000 59.500000 -67.000000 0.0 0 
0.000000
 1 198 198 p_forest_bandit_spawn_point_1 {!}forest_bandit_sp_1 1280 0 0 2 0 0 0 0 0 -34.000000 -43.770000 -34.000000 -43.770000 -34.000000 -43.770000 0.0 0 
0.000000
 1 199 199 p_mountain_bandit_spawn_point_1 {!}mountain_bandit_sp_1 1280 0 0 2 0 0 0 0 0 56.070000 53.010000 56.070000 53.010000 56.070000 53.010000 0.0 0 
0.000000
 1 200 200 p_sea_raider_spawn_point_1 {!}sea_raider_sp 1280 0 0 2 0 0 0 0 0 -76.220000 -1.520000 -76.220000 -1.520000 -76.220000 -1.520000 0.0 0 
0.000000
 1 201 201 p_sea_raider_spawn_point_2 {!}sea_raider_sp 1280 0 0 2 0 0 0 0 0 -55.840000 55.570000 -55.840000 55.570000 -55.840000 55.570000 0.0 0 
0.000000
 1 202 202 p_forest_bandit_spawn_point_2 {!}forest_bandit_sp_2 1280 0 0 2 0 0 0 0 0 -19.650000 -58.130000 -19.650000 -58.130000 -19.650000 -58.130000 0.0 0 
0.000000
 1 203 203 p_mountain_bandit_spawn_point_2 {!}mountain_bandit_sp_2 1280 0 0 2 0 0 0 0 0 12.000000 76.670000 12.000000 76.670000 12.000000 76.670000 0.0 0 
0.000000
 1 204 204 p_spawn_points_end {!}last_spawn_point 1280 0 0 1 0 0 0 0 0 0.000000 0.000000 0.000000 0.000000 0.000000 0.000000 0.0 0 
0.000000
 1 205 205 p_reserved_1 {!}reserved_1 1280 0 0 1 0 0 0 0 0 0.000000 0.000000 0.000000 0.000000 0.000000 0.000000 0.0 0 
0.000000
 1 206 206 p_reserved_2 {!}reserved_2 1280 0 0 1 0 0 0 0 0 0.000000 0.000000 0.000000 0.000000 0.000000 0.000000 0.0 0 
0.000000
 1 207 207 p_reserved_3 {!}reserved_3 1280 0 0 1 0 0 0 0 0 0.000000 0.000000 0.000000 0.000000 0.000000 0.000000 0.0 0 
0.000000
