simple_triggers_file version 1
104
-6.000000  0 
-5.000000  0 
1.000000  10 1230 1 648518346341351595 1096 2 432345564227567628 0 32 2 144115188075856194 0 32 2 144115188075856181 0 30 2 144115188075856159 1 2270 1 1224979098644774912 31 2 144115188075856189 0 30 2 1224979098644774912 144115188075856193 2147485921 0 1030 3 0 0 0 
0.000000  27 4 0 200 1 504403158265495696 526 3 1224979098644774912 504403158265495696 8 32 2 1224979098644774912 0 2133 2 1224979098644774913 0 4 0 2147483780 1 1224979098644774912 2133 2 1224979098644774913 1 1 2 936748722493063546 504403158265495696 506 3 504403158265495696 1 -1 506 3 504403158265495696 14 -1 506 3 504403158265495696 10 -1 506 3 504403158265495696 8 -1 1 4 936748722493063450 864691128455135525 216172782113786163 -1 3 0 31 2 1224979098644774913 0 526 3 1224979098644774914 504403158265495696 1 2281 3 1224979098644774915 1224979098644774914 1224979098644774912 2133 2 72057594037927936 1224979098644774915 2147483680 2 1224979098644774915 1 32 2 144115188075856121 0 2060 1 864691128455135524 3 0 31 2 144115188075856090 1 32 2 144115188075855997 0 132 1 144115188075855997 1623 3 648518346341351424 144115188075855997 0 
0.000000  41 4 0 32 2 144115188075856215 0 1680 2 1224979098644774912 144115188075856215 32 2 1224979098644774912 0 2204 2 1224979098644774913 144115188075856215 2190 3 1224979098644774914 1224979098644774913 432345564227567629 2204 2 1224979098644774915 1224979098644774912 2190 3 1224979098644774916 1224979098644774915 432345564227567629 30 2 1224979098644774914 0 2147483678 2 1224979098644774916 0 1300 1 144115188075856215 1030 3 0 0 0 5 0 2270 1 1224979098644774917 2133 2 1224979098644774918 0 4 0 2147483679 2 144115188075856889 0 30 2 1224979098644774917 144115188075856889 2133 2 1224979098644774918 1 2133 2 144115188075856889 0 3 0 1073741855 2 1224979098644774918 1 37 0 4 0 30 2 144115188075855996 1 2060 1 144115188075855996 2133 2 144115188075855996 -1 5 0 30 2 144115188075856031 1 1300 1 144115188075856031 5 0 30 2 144115188075856194 1 1300 1 144115188075856194 5 0 30 2 144115188075856145 1 2133 2 144115188075856145 0 2133 2 144115188075856144 0 1030 3 0 0 0 1106 1 1585267068834415131 3 0 3 0 
0.000000  19 560 3 360287970189640572 0 1 520 3 1224979098644774912 360287970189640572 0 520 3 144115188075856912 360287970189640573 0 520 3 144115188075856913 360287970189640574 0 2060 1 1224979098644774912 2133 2 1224979098644774913 2 6 3 1224979098644774914 1 1224979098644774913 4 0 560 3 360287970189640572 1224979098644774914 1 2105 2 1224979098644774913 1 3 0 2121 3 1224979098644774915 1224979098644774914 1 520 3 1224979098644774916 360287970189640572 1224979098644774914 500 3 360287970189640572 1224979098644774915 1224979098644774916 520 3 1224979098644774916 360287970189640573 1224979098644774914 500 3 360287970189640573 1224979098644774915 1224979098644774916 520 3 1224979098644774916 360287970189640574 1224979098644774914 500 3 360287970189640574 1224979098644774915 1224979098644774916 3 0 
1.000000  2 37 0 1 2 936748722493063636 65536 
2.000000  17 31 2 0 1 11 1 1224979098644774912 32 2 1224979098644774912 648518346341351628 1652 3 1224979098644774913 1224979098644774912 0 33 3 1224979098644774913 360287970189639981 360287970189640091 520 3 1224979098644774914 1224979098644774913 10 2147483679 2 1224979098644774912 1224979098644774914 2133 2 72057594037927940 1224979098644774912 2133 2 72057594037927941 1224979098644774914 2322 2 3 1224979098644774913 1106 1 1585267068834415132 2320 2 65 216172782113786209 4 0 31 2 0 1 1105 1 1585267068834415133 3 0 3 0 
1.000000  24 30 2 144115188075856210 1 4 0 2147483679 2 144115188075856090 0 2133 2 144115188075856210 0 501 3 144115188075856210 34 -1 5 0 37 0 2133 2 144115188075856210 0 501 3 144115188075856210 34 -1 5 0 1073742365 3 144115188075856210 35 2 541 3 144115188075856210 35 4 1300 1 144115188075856210 1030 1 0 2133 2 144115188075856210 0 2133 2 144115188075856213 1 5 0 541 3 144115188075856210 35 1 1030 3 3 5 1 5 0 1030 3 0 0 0 2133 2 144115188075856210 0 2133 2 144115188075856213 0 3 0 
168.000000  8 1 1 936748722493063394 2133 2 1224979098644774912 72057594037927936 2120 3 1224979098644774913 1224979098644774912 144115188075856149 4 0 32 2 1224979098644774913 0 2060 1 864691128455135262 3 0 2133 2 144115188075856914 0 
6.000000  11 2270 1 1224979098644774912 4 0 30 2 1224979098644774912 144115188075856021 1 3 936748722493063309 648518346341351424 0 2133 2 1224979098644774913 72057594037927936 2108 2 1224979098644774913 2 2105 2 1224979098644774913 30 1 2 936748722493063497 1224979098644774913 2105 2 144115188075856001 72057594037927936 2120 3 144115188075856021 1224979098644774912 168 3 0 
24.000000  7 2147483680 2 144115188075855996 0 32 2 144115188075855901 0 2147483679 2 144115188075855901 432345564227567629 31 2 144115188075855906 0 2272 1 1224979098644774912 32 2 1224979098644774912 144115188075856022 2060 1 864691128455135310 
180.000000  2 2106 2 144115188075856785 1 2111 2 144115188075856785 0 
24.000000  4 31 2 144115188075855907 1 540 3 360287970189639680 13 0 2147483680 2 144115188075855996 0 900 1 1513209474796486685 
24.000000  17 1 1 936748722493063438 2133 2 1224979098644774912 72057594037927936 1671 2 1224979098644774913 648518346341351424 2121 3 1224979098644774914 1224979098644774912 1224979098644774913 2123 3 1224979098644774915 1224979098644774914 5 2122 3 1224979098644774916 1224979098644774915 5 4 0 2147483679 2 1224979098644774916 1224979098644774914 4 0 32 2 1224979098644774914 0 2105 2 1224979098644774915 1 5 0 2106 2 1224979098644774915 1 3 0 3 0 2105 2 1224979098644774913 1224979098644774915 1672 2 648518346341351424 1224979098644774913 
168.000000  12 6 3 1224979098644774912 648518346341351445 648518346341351593 1651 2 1224979098644774913 1224979098644774912 7 3 1224979098644774914 0 1224979098644774913 1656 3 1224979098644774915 1224979098644774912 1224979098644774914 2147485155 1 1224979098644774915 1657 3 1224979098644774916 1224979098644774912 1224979098644774914 2136 3 1224979098644774917 0 40 2107 2 1224979098644774916 1224979098644774917 2108 2 1224979098644774916 100 1616 3 1224979098644774912 1224979098644774915 1224979098644774916 3 0 3 0 
168.000000  25 6 3 1224979098644774912 360287970189639981 360287970189640091 520 3 1224979098644774913 1224979098644774912 21 2107 2 1224979098644774913 101 2108 2 1224979098644774913 100 500 3 1224979098644774912 21 1224979098644774913 1 2 936748722493063395 1224979098644774912 3 0 6 3 1224979098644774914 648518346341351445 648518346341351503 2147484189 3 1224979098644774914 7 360287970189639680 561 3 1224979098644774914 7 1 521 3 1224979098644774915 1224979098644774914 49 521 3 1224979098644774916 1224979098644774914 50 2122 3 1224979098644774917 1224979098644774916 15 2105 2 1224979098644774917 700 4 0 541 3 1224979098644774914 0 3 2107 2 1224979098644774917 3 2108 2 1224979098644774917 2 3 0 2105 2 1224979098644774915 1224979098644774917 1 2 936748722493063393 1224979098644774914 2106 2 1224979098644774915 72057594037927936 2111 2 1224979098644774915 0 501 3 1224979098644774914 49 1224979098644774915 3 0 
24.000000  11 6 3 1224979098644774912 648518346341351445 648518346341351503 2147484189 3 1224979098644774912 7 360287970189639680 561 3 1224979098644774912 7 1 521 3 1224979098644774913 1224979098644774912 49 541 3 1224979098644774912 54 -1 2133 2 1224979098644774914 1224979098644774913 2108 2 1224979098644774914 5 32 2 1224979098644774914 400 2106 2 1224979098644774913 400 501 3 1224979098644774912 49 1224979098644774913 3 0 
360.000000  8 6 3 1224979098644774912 648518346341351445 648518346341351593 1 2 936748722493063586 1224979098644774912 2133 2 1224979098644774913 72057594037927936 521 3 1224979098644774914 1224979098644774912 50 2121 3 1224979098644774915 1224979098644774913 1224979098644774914 2123 3 1224979098644774916 1224979098644774915 6 1 3 936748722493063585 1224979098644774912 1224979098644774916 3 0 
6.000000  20 2272 1 1224979098644774912 4 0 2147483679 2 1224979098644774912 144115188075856915 2133 2 144115188075856915 1224979098644774912 4 0 31 2 144115188075856916 1 2105 2 144115188075856914 1 3 0 2133 2 144115188075856916 1 3 0 2133 2 1224979098644774913 0 4 0 2147483685 0 30 2 144115188075856215 0 1073742365 3 144115188075856215 130 1 33 3 144115188075856215 648518346341351445 648518346341351503 2133 2 1224979098644774913 1 3 0 31 2 1224979098644774913 0 2133 2 144115188075856916 0 
48.000000  18 6 3 1224979098644774912 360287970189639981 360287970189640091 2136 3 1224979098644774913 0 100 2147483678 2 1224979098644774913 30 520 3 1224979098644774914 1224979098644774912 10 32 2 1224979098644774914 648518346341351593 132 1 1224979098644774914 2170 3 1224979098644774915 17 1224979098644774912 2105 2 1224979098644774915 2 2122 3 1224979098644774916 1224979098644774915 500 1673 2 1224979098644774914 1224979098644774916 3 0 6 3 1224979098644774917 648518346341351445 648518346341351503 2136 3 1224979098644774913 0 100 2147483678 2 1224979098644774913 10 521 3 1224979098644774918 1224979098644774917 7 2147483679 2 1224979098644774918 360287970189639680 1673 2 1224979098644774917 3000 3 0 
24.000000  1 1 1 936748722493063412 
2.000000  2 1 1 936748722493063411 1 1 936748722493063916 
7.000000  2 1 1 936748722493063441 1 1 936748722493063416 
24.000000  84 2105 2 144115188075856102 1 30 2 144115188075856102 90 33 3 144115188075855901 432345564227567629 432345564227567635 2147483679 2 144115188075855901 432345564227567629 2133 2 144115188075856656 -1 2133 2 144115188075856657 0 2133 2 144115188075856658 0 2133 2 144115188075856244 -10000 2133 2 144115188075856242 -10000 2133 2 144115188075856917 -10000 2133 2 144115188075856245 -10000 2133 2 144115188075856243 -10000 2133 2 144115188075856918 -10000 2133 2 1224979098644774912 0 6 3 1224979098644774913 360287970189639980 360287970189640091 2133 2 1224979098644774914 1224979098644774913 2133 2 1224979098644774915 0 4 0 31 2 1224979098644774913 360287970189639980 2133 2 1224979098644774914 360287970189639680 4 0 31 2 144115188075856090 0 2133 2 1224979098644774915 1 3 0 5 0 2173 2 1224979098644774916 1224979098644774914 31 2 144115188075855901 1224979098644774916 2147484208 3 1224979098644774914 8 0 560 3 1224979098644774914 10 1 540 3 1224979098644774914 2 2 2147484190 3 1224979098644774916 10 1224979098644774914 520 3 1224979098644774917 1224979098644774914 10 32 2 1224979098644774917 0 132 1 1224979098644774917 1 2 936748722493063344 1224979098644774917 2133 2 1224979098644774918 72057594037927936 1 2 936748722493063288 1224979098644774917 2133 2 1224979098644774919 72057594037927936 2122 3 1224979098644774920 1224979098644774918 100 2108 2 1224979098644774920 1224979098644774919 30 2 1224979098644774920 25 2133 2 1224979098644774915 1 3 0 31 2 1224979098644774915 1 2105 2 1224979098644774912 1 520 3 1224979098644774921 1224979098644774914 7 4 0 32 2 1224979098644774921 144115188075856244 2133 2 144115188075856917 144115188075856242 2133 2 144115188075856242 144115188075856244 2133 2 144115188075856244 1224979098644774921 2133 2 144115188075856918 144115188075856243 2133 2 144115188075856243 144115188075856245 2133 2 144115188075856245 1224979098644774914 5 0 32 2 1224979098644774921 144115188075856242 2133 2 144115188075856917 144115188075856242 2133 2 144115188075856242 1224979098644774921 2133 2 144115188075856918 144115188075856243 2133 2 144115188075856243 1224979098644774914 5 0 32 2 1224979098644774921 144115188075856917 2133 2 144115188075856917 1224979098644774921 2133 2 144115188075856918 1224979098644774914 3 0 3 0 30 2 144115188075856245 0 30 2 144115188075856243 0 30 2 144115188075856918 0 32 2 1224979098644774912 2 2133 2 144115188075856102 0 2133 2 144115188075856659 0 4 0 2147483848 1 504403158265495611 4 0 2147483679 2 144115188075856245 360287970189639680 2147483679 2 144115188075856243 360287970189639680 900 1 1513209474796486686 5 0 2060 1 864691128455135376 3 0 5 0 2133 2 144115188075855894 1 3 0 
10.000000  45 6 3 1224979098644774912 360287970189639981 360287970189640091 2133 2 1224979098644774913 1 520 3 1224979098644774914 1224979098644774912 10 4 0 32 2 1224979098644774914 0 521 3 1224979098644774915 1224979098644774914 30 30 2 1224979098644774915 0 2204 2 1224979098644774916 1224979098644774914 522 3 1224979098644774917 1224979098644774916 7 30 2 1224979098644774917 0 520 3 1224979098644774918 1224979098644774917 10 31 2 1224979098644774915 1224979098644774918 2133 2 1224979098644774913 -1 3 0 520 3 1224979098644774919 1224979098644774912 57 2105 2 1224979098644774919 1224979098644774913 2112 3 1224979098644774919 0 100 500 3 1224979098644774912 57 1224979098644774919 2133 2 1224979098644774913 1 4 0 32 2 1224979098644774914 0 2173 2 1224979098644774920 1224979098644774912 31 2 1224979098644774920 432345564227567629 2147484188 3 1224979098644774912 16 -1 521 3 1224979098644774921 1224979098644774914 4 521 3 1224979098644774922 1224979098644774914 5 4 0 540 3 1224979098644774912 16 1224979098644774921 540 3 1224979098644774912 17 1224979098644774922 2133 2 1224979098644774913 -1 5 0 500 3 1224979098644774912 16 -1 500 3 1224979098644774912 17 -1 3 0 3 0 520 3 1224979098644774919 1224979098644774912 58 2105 2 1224979098644774919 1224979098644774913 2112 3 1224979098644774919 0 100 500 3 1224979098644774912 58 1224979098644774919 4 0 2147483678 2 1224979098644774919 10 500 3 1224979098644774912 16 -1 500 3 1224979098644774912 17 -1 3 0 3 0 
2.000000  1 1 1 936748722493063420 
3.000000  1 1 1 936748722493063414 
3.000000  136 2270 1 1224979098644774912 6 3 1224979098644774913 648518346341351445 648518346341351503 521 3 1224979098644774914 1224979098644774913 54 32 2 1224979098644774914 0 132 1 1224979098644774914 2204 2 1224979098644774915 1224979098644774914 561 3 1224979098644774913 54 1 521 3 1224979098644774916 1224979098644774913 64 2121 3 1224979098644774916 1224979098644774912 1224979098644774916 2133 2 1224979098644774917 0 2133 2 1224979098644774918 0 2133 2 1224979098644774919 0 2133 2 1224979098644774920 0 6 3 1224979098644774921 360287970189639981 360287970189640091 540 3 1224979098644774921 2 2 2147484208 3 1224979098644774921 8 0 520 3 1224979098644774922 1224979098644774921 10 32 2 1224979098644774922 0 2173 2 1224979098644774923 1224979098644774921 31 2 1224979098644774923 1224979098644774915 2133 2 1224979098644774924 0 4 0 541 3 1224979098644774922 4 1 541 3 1224979098644774922 5 1224979098644774913 2133 2 1224979098644774924 1 5 0 521 3 1224979098644774925 1224979098644774922 30 32 2 1224979098644774925 0 132 1 1224979098644774925 541 3 1224979098644774925 4 1 541 3 1224979098644774925 5 1224979098644774913 2133 2 1224979098644774924 1 3 0 31 2 1224979098644774924 1 1680 2 1224979098644774926 1224979098644774922 3221225502 2 1224979098644774926 0 31 2 1224979098644774926 1224979098644774913 4 0 542 3 1224979098644774915 7 1224979098644774921 2133 2 1224979098644774920 1 3 0 1 2 936748722493063308 1224979098644774922 2105 2 1224979098644774919 72057594037927936 3 0 4 0 32 2 1224979098644774919 0 1662 2 1224979098644774913 648518346341351439 1 2 936748722493063308 648518346341351439 2133 2 1224979098644774927 72057594037927936 4 0 31 2 144115188075856031 1224979098644774913 31 2 144115188075856090 0 1 2 936748722493063308 648518346341351424 2105 2 1224979098644774927 72057594037927936 2107 2 1224979098644774919 2 3 0 521 3 1224979098644774928 1224979098644774913 65 2105 2 1224979098644774928 100 2107 2 1224979098644774927 1224979098644774928 2108 2 1224979098644774927 100 2111 2 1224979098644774927 1 4 0 31 2 1224979098644774920 1 31 2 1224979098644774915 144115188075855901 200 1 504403158265495570 2107 2 1224979098644774919 2 3 0 2122 3 1224979098644774929 1224979098644774919 100 2108 2 1224979098644774929 1224979098644774927 2121 3 1224979098644774930 1224979098644774929 300 4 0 32 2 1224979098644774930 -100 2123 3 1224979098644774931 1224979098644774916 3 2105 2 1224979098644774930 1224979098644774931 3 0 2108 2 1224979098644774930 5 2111 2 1224979098644774930 0 2121 3 1224979098644774932 200 1224979098644774929 2111 2 1224979098644774932 0 4 0 2136 3 1224979098644774933 0 100 2147483678 2 1224979098644774933 1224979098644774930 32 2 1224979098644774916 24 2133 2 1224979098644774917 1 5 0 2136 3 1224979098644774933 0 100 2147483678 2 1224979098644774933 1224979098644774932 2133 2 1224979098644774918 1 3 0 5 0 2133 2 1224979098644774918 1 3 0 4 0 31 2 1224979098644774917 1 6 3 1224979098644774921 360287970189639981 360287970189640091 540 3 1224979098644774921 2 2 2147484208 3 1224979098644774921 8 0 520 3 1224979098644774922 1224979098644774921 10 32 2 1224979098644774922 0 2133 2 1224979098644774924 0 4 0 541 3 1224979098644774922 4 1 541 3 1224979098644774922 5 1224979098644774913 541 3 1224979098644774922 8 0 2133 2 1224979098644774924 1 5 0 521 3 1224979098644774925 1224979098644774922 30 32 2 1224979098644774925 0 132 1 1224979098644774925 541 3 1224979098644774925 4 1 541 3 1224979098644774925 5 1224979098644774913 1 4 936748722493063415 1224979098644774922 1 1224979098644774913 2133 2 1224979098644774924 1 3 0 31 2 1224979098644774924 1 1640 2 1224979098644774922 4 1641 2 1224979098644774922 1224979098644774913 1603 3 1224979098644774922 65536 1 501 3 1224979098644774922 8 1 3 0 5 0 31 2 1224979098644774918 1 6 3 1224979098644774921 360287970189639981 360287970189640091 540 3 1224979098644774921 2 2 2147484208 3 1224979098644774921 8 0 520 3 1224979098644774922 1224979098644774921 10 32 2 1224979098644774922 0 541 3 1224979098644774922 4 1 541 3 1224979098644774922 5 1224979098644774913 541 3 1224979098644774922 8 1 1 4 936748722493063415 1224979098644774922 -1 -1 1 4 936748722493063415 1224979098644774922 1 1224979098644774913 501 3 1224979098644774913 64 1224979098644774912 3 0 3 0 3 0 
36.000000  1 2133 2 144115188075855894 1 
0.000000  3 31 2 144115188075855894 1 2133 2 144115188075855894 0 1 1 936748722493063442 
24.000000  3 6 3 1224979098644774912 432345564227567629 432345564227567635 1 2 936748722493063351 1224979098644774912 3 0 
36.000000  6 6 3 1224979098644774912 360287970189639981 360287970189640111 500 3 1224979098644774912 20 0 3 0 6 3 1224979098644774912 360287970189640453 360287970189640543 500 3 1224979098644774912 20 0 3 0 
24.000000  8 2119 3 1224979098644774912 144115188075856998 7 4 0 31 2 1224979098644774912 0 6 3 1224979098644774913 648518346341351503 648518346341351593 1 2 936748722493063408 1224979098644774913 3 0 3 0 2105 2 144115188075856998 1 
48.000000  4 6 3 1224979098644774912 648518346341351503 648518346341351593 1 2 936748722493063409 1224979098644774912 501 3 1224979098644774912 46 0 3 0 
24.000000  28 6 3 1224979098644774912 648518346341351503 648518346341351593 521 3 1224979098644774913 1224979098644774912 45 2133 2 1224979098644774914 1224979098644774913 2136 3 1224979098644774915 0 100 4 0 2147483678 2 1224979098644774915 10 2136 3 1224979098644774915 111 121 2107 2 1224979098644774913 1224979098644774915 2108 2 1224979098644774913 100 2136 3 1224979098644774915 1 3 2105 2 1224979098644774913 1224979098644774915 5 0 2147483678 2 1224979098644774915 50 2136 3 1224979098644774915 3 8 2106 2 1224979098644774913 1224979098644774915 5 0 2136 3 1224979098644774915 101 111 2107 2 1224979098644774913 1224979098644774915 2108 2 1224979098644774913 100 2136 3 1224979098644774915 1 3 2105 2 1224979098644774913 1224979098644774915 3 0 2112 3 1224979098644774913 0 101 501 3 1224979098644774912 45 1224979098644774913 2121 3 1224979098644774916 1224979098644774914 1224979098644774913 2108 2 1224979098644774916 2 1 5 936748722493063301 1224979098644774912 288230376151711869 1224979098644774916 0 3 0 
168.000000  41 6 3 1224979098644774912 648518346341351445 648518346341351593 521 3 1224979098644774913 1224979098644774912 47 2133 2 1224979098644774914 0 4 0 541 3 1224979098644774912 0 4 4 0 541 3 1224979098644774912 35 0 2133 2 1224979098644774914 500 3 0 5 0 541 3 1224979098644774912 0 2 2133 2 1224979098644774914 250 5 0 541 3 1224979098644774912 0 3 2133 2 1224979098644774914 1000 3 0 521 3 1224979098644774915 1224979098644774912 50 2120 3 1224979098644774916 10 1224979098644774915 2107 2 1224979098644774914 1224979098644774916 2108 2 1224979098644774914 110 2105 2 1224979098644774913 1224979098644774914 501 3 1224979098644774912 47 1224979098644774913 3 0 6 3 1224979098644774912 648518346341351445 648518346341351593 521 3 1224979098644774917 1224979098644774912 7 2147483679 2 1224979098644774917 360287970189639680 33 3 1224979098644774917 360287970189639981 360287970189640091 521 3 1224979098644774913 1224979098644774912 47 521 3 1224979098644774918 1224979098644774912 48 520 3 1224979098644774919 1224979098644774917 11 2105 2 1224979098644774919 1224979098644774913 2105 2 1224979098644774919 1224979098644774918 500 3 1224979098644774917 11 1224979098644774919 501 3 1224979098644774912 47 0 501 3 1224979098644774912 48 0 4 0 31 2 144115188075856134 1 2133 2 72057594037927937 1224979098644774919 1117 4 1224979098644774917 1 1585267068834415134 0 3 0 3 0 
32.000000  44 31 2 144115188075855901 0 2147483680 2 144115188075855908 0 31 2 144115188075856090 0 2136 3 1224979098644774912 432345564227567629 432345564227567635 2133 2 1224979098644774913 999999 6 3 1224979098644774914 648518346341351445 648518346341351503 2204 2 1224979098644774915 1224979098644774914 31 2 1224979098644774915 1224979098644774912 2281 3 1224979098644774916 648518346341351424 1224979098644774914 2110 2 1224979098644774913 1224979098644774916 3 0 2147483678 2 1224979098644774913 30 2190 3 1224979098644774917 1224979098644774912 432345564227567629 522 3 1224979098644774918 1224979098644774912 10 1 2 936748722493063426 1224979098644774918 2133 2 1224979098644774919 72057594037927936 1 2 936748722493063389 360287970189639680 2133 2 1224979098644774920 72057594037927936 4 0 31 2 1224979098644774920 0 2147483679 2 144115188075856095 1 520 3 1224979098644774921 360287970189639680 7 30 2 1224979098644774921 160 30 2 1224979098644774917 0 30 2 1224979098644774919 0 2136 3 1224979098644774922 0 100 2147483678 2 1224979098644774922 50 1 2 936748722493063587 1224979098644774912 2133 2 144115188075855910 72057594037927936 30 2 144115188075855910 0 2133 2 144115188075855908 1224979098644774912 2060 1 864691128455135398 5 0 2147483679 2 144115188075856095 1 32 2 1224979098644774920 0 2147483679 2 144115188075856200 1224979098644774912 30 2 1224979098644774917 -80 30 2 1224979098644774919 -30 2136 3 1224979098644774922 0 100 2147483678 2 1224979098644774922 20 2133 2 144115188075855908 1224979098644774912 2133 2 144115188075855910 -1 2060 1 864691128455135397 3 0 
168.000000  1 1 2 936748722493063448 1 
5.000000  16 32 2 144115188075855903 0 6 3 1224979098644774912 360287970189639981 360287970189640091 2173 2 1224979098644774913 1224979098644774912 31 2 1224979098644774913 432345564227567629 2147484208 3 1224979098644774912 55 1 1 2 936748722493063426 1224979098644774912 2133 2 1224979098644774914 72057594037927936 2147483678 2 1224979098644774914 -5 2147483679 2 144115188075855903 1224979098644774912 2107 2 1224979098644774914 -1 2106 2 1224979098644774914 5 2136 3 1224979098644774915 0 2000 2147483678 2 1224979098644774915 1224979098644774914 1 2 936748722493063433 -1 500 3 1224979098644774912 55 72057594037927936 3 0 
0.100000  29 6 3 1224979098644774912 360287970189639981 360287970189640111 540 3 1224979098644774912 2 2 520 3 1224979098644774913 1224979098644774912 10 30 2 1224979098644774913 1 1694 2 1224979098644774914 1224979098644774913 2147483678 2 1224979098644774914 1 1665 2 1224979098644774915 1224979098644774913 33 3 1224979098644774915 648518346341351445 648518346341351593 1 3 936748722493063392 1224979098644774915 1224979098644774913 4 0 30 2 72057594037927936 0 1660 2 1224979098644774913 1224979098644774915 5 0 1640 2 1224979098644774913 0 3 0 4 0 1073742365 3 1224979098644774915 0 3 541 3 1224979098644774915 0 2 2204 2 1224979098644774916 1224979098644774913 2204 2 1224979098644774917 1224979098644774915 31 2 1224979098644774916 1224979098644774917 1651 2 1224979098644774918 1224979098644774913 32 2 1224979098644774918 0 2133 2 144115188075855973 1 1 3 936748722493063322 1224979098644774915 1224979098644774913 2133 2 144115188075855973 1 1 2 936748722493063318 1224979098644774913 3 0 3 0 
48.000000  9 1 3 936748722493063606 648518346341351424 50 6 3 1224979098644774912 648518346341351445 648518346341351503 2133 2 1224979098644774913 30 4 0 541 3 1224979098644774912 135 1 2133 2 1224979098644774913 10 3 0 1 3 936748722493063606 1224979098644774912 1224979098644774913 3 0 
3.000000  29 2133 2 144115188075855978 -1 6 3 1224979098644774912 648518346341351445 648518346341351593 31 2 144115188075855978 -1 2204 2 1224979098644774913 1224979098644774912 1073741855 2 1224979098644774913 432345564227567629 31 2 1224979098644774913 144115188075855901 1073742365 3 1224979098644774912 7 -2 1073742365 3 1224979098644774912 7 -1 541 3 1224979098644774912 7 -3 2133 2 144115188075855978 1224979098644774912 3 0 30 2 144115188075855978 0 1073742366 3 432345564227567630 10 360287970189639680 1073742366 3 432345564227567631 10 360287970189639680 32 2 144115188075855903 0 4 0 32 2 144115188075855903 0 522 3 1224979098644774914 432345564227567629 10 5 0 522 3 1224979098644774914 144115188075855901 50 3 0 4 0 200 1 504403158265495642 2147484194 3 504403158265495643 11 0 31 2 144115188075855903 360287970189640086 1025 1 360287970189639737 5 0 1025 1 1224979098644774914 3 0 
48.000000  34 6 3 1224979098644774912 432345564227567629 432345564227567635 542 3 1224979098644774912 91 0 2136 3 1224979098644774913 0 80 2105 2 1224979098644774913 20 502 3 1224979098644774912 91 1224979098644774913 3 0 6 3 1224979098644774914 360287970189639981 360287970189640091 540 3 1224979098644774914 2 2 2147484208 3 1224979098644774914 8 0 2147484208 3 1224979098644774914 10 1 2173 2 1224979098644774915 1224979098644774914 4 0 1 3 936748722493063355 1224979098644774915 1224979098644774914 2133 2 1224979098644774916 72057594037927936 4 0 522 3 1224979098644774913 1224979098644774915 91 2136 3 1224979098644774917 0 1224979098644774913 2147483678 2 1224979098644774917 10 1 4 936748722493063402 1224979098644774914 1224979098644774916 1 1660 2 144115188075856851 1224979098644774916 3 0 5 0 2147484190 3 1224979098644774915 21 0 4 0 33 3 1224979098644774914 360287970189639981 360287970189639986 500 3 1224979098644774914 55 432345564227567617 5 0 2136 3 1224979098644774918 0 100 2147483678 2 1224979098644774918 10 1 2 936748722493063433 1224979098644774915 500 3 1224979098644774914 55 72057594037927936 3 0 3 0 3 0 
24.000000  10 6 3 1224979098644774912 648518346341351503 648518346341351593 541 3 1224979098644774912 35 0 521 3 1224979098644774913 1224979098644774912 122 1073741855 2 1224979098644774913 0 2147483780 1 1224979098644774913 2136 3 1224979098644774914 0 100 2147483678 2 1224979098644774914 30 1 2 936748722493063534 1224979098644774912 501 3 1224979098644774912 122 72057594037927936 3 0 
72.000000  16 1 1 936748722493063305 6 3 1224979098644774912 648518346341351445 648518346341351593 521 3 1224979098644774913 1224979098644774912 51 4 0 32 2 1224979098644774913 1000 2107 2 1224979098644774913 95 2108 2 1224979098644774913 100 2111 2 1224979098644774913 1000 5 0 2147483678 2 1224979098644774913 1000 2107 2 1224979098644774913 105 2108 2 1224979098644774913 100 2110 2 1224979098644774913 1000 3 0 501 3 1224979098644774912 51 1224979098644774913 3 0 
8.000000  49 11 1 1224979098644774912 541 3 1224979098644774912 0 11 131 1 1224979098644774912 2204 2 1224979098644774913 1224979098644774912 522 3 1224979098644774914 1224979098644774913 82 4 0 2147483680 2 1224979098644774914 0 1232 1 1224979098644774912 5 0 2136 3 1224979098644774915 0 100 2147483678 2 1224979098644774915 35 1665 2 1224979098644774916 1224979098644774912 2133 2 1224979098644774917 1 4 0 33 3 1224979098644774916 648518346341351445 648518346341351503 2147484189 3 1224979098644774916 54 -1 2133 2 1224979098644774917 0 3 0 31 2 1224979098644774917 1 2133 2 1224979098644774918 0 4 0 521 3 1224979098644774919 1224979098644774912 4 31 2 1224979098644774919 13 521 3 1224979098644774920 1224979098644774912 5 31 2 1224979098644774916 1224979098644774920 2133 2 1224979098644774918 1 3 0 2133 2 1224979098644774921 -1 4 0 31 2 144115188075856044 1224979098644774912 2147483778 2 1224979098644774912 144115188075856043 2133 2 1224979098644774921 144115188075856043 5 0 1 3 936748722493063358 1224979098644774916 1224979098644774913 2133 2 1224979098644774921 72057594037927936 3 0 33 3 1224979098644774921 648518346341351445 648518346341351463 2147483778 2 1224979098644774912 1224979098644774921 4 0 31 2 1224979098644774918 1 1 3 936748722493063307 1224979098644774912 1224979098644774916 3 0 1640 2 1224979098644774912 1 1641 2 1224979098644774912 1224979098644774921 1603 3 1224979098644774912 65536 0 501 3 1224979098644774912 4 13 501 3 1224979098644774912 5 1224979098644774921 3 0 3 0 
8.000000  66 11 1 1224979098644774912 541 3 1224979098644774912 0 15 131 1 1224979098644774912 521 3 1224979098644774913 1224979098644774912 123 1665 2 1224979098644774914 1224979098644774912 2133 2 1224979098644774915 1 4 0 33 3 1224979098644774914 648518346341351445 648518346341351503 2147484189 3 1224979098644774914 54 -1 2133 2 1224979098644774915 0 3 0 31 2 1224979098644774915 1 4 0 31 2 1224979098644774914 1224979098644774913 4 0 2136 3 1224979098644774916 0 100 2147483678 2 1224979098644774916 5 1 4 936748722493063535 1224979098644774912 1224979098644774913 4 2133 2 1224979098644774917 72057594037927936 521 3 1224979098644774918 1224979098644774913 50 2105 2 1224979098644774918 30 2107 2 1224979098644774917 1224979098644774918 2108 2 1224979098644774917 2600 521 3 1224979098644774919 1224979098644774913 48 2105 2 1224979098644774919 1224979098644774917 501 3 1224979098644774913 48 1224979098644774919 521 3 1224979098644774920 1224979098644774913 121 501 3 1224979098644774912 5 1224979098644774920 501 3 1224979098644774912 4 13 1640 2 1224979098644774912 1 1641 2 1224979098644774912 1224979098644774920 3 0 5 0 4 0 521 3 1224979098644774921 1224979098644774912 5 31 2 1224979098644774914 1224979098644774921 1 4 936748722493063535 1224979098644774912 1224979098644774921 4 2133 2 1224979098644774917 72057594037927936 521 3 1224979098644774918 1224979098644774921 50 2105 2 1224979098644774918 30 2107 2 1224979098644774917 1224979098644774918 2108 2 1224979098644774917 2600 521 3 1224979098644774919 1224979098644774921 48 2105 2 1224979098644774919 1224979098644774917 501 3 1224979098644774921 48 1224979098644774919 521 3 1224979098644774919 1224979098644774913 48 2105 2 1224979098644774919 1224979098644774917 501 3 1224979098644774913 48 1224979098644774919 521 3 1224979098644774922 1224979098644774921 53 1 2 936748722493063407 1224979098644774921 2133 2 1224979098644774923 72057594037927936 2105 2 1224979098644774922 1000 2110 2 1224979098644774922 1224979098644774923 501 3 1224979098644774921 53 1224979098644774922 4 0 2136 3 1224979098644774924 0 100 2147483678 2 1224979098644774924 70 1 3 936748722493063585 1224979098644774913 1 3 0 3 0 501 3 1224979098644774912 5 1224979098644774913 501 3 1224979098644774912 4 13 1640 2 1224979098644774912 1 1641 2 1224979098644774912 1224979098644774913 3 0 3 0 
2.000000  9 6 3 1224979098644774912 648518346341351463 648518346341351503 541 3 1224979098644774912 54 -1 521 3 1224979098644774913 1224979098644774912 53 2105 2 1224979098644774913 100 1 2 936748722493063407 1224979098644774912 2133 2 1224979098644774914 72057594037927936 2110 2 1224979098644774913 1224979098644774914 501 3 1224979098644774912 53 1224979098644774913 3 0 
0.500000  42 6 3 1224979098644774912 360287970189639981 360287970189640111 540 3 1224979098644774912 2 2 520 3 1224979098644774913 1224979098644774912 10 32 2 1224979098644774913 0 4 0 132 1 1224979098644774913 4 0 2293 2 1224979098644774914 1224979098644774913 31 2 1224979098644774914 5 2204 2 1224979098644774915 1224979098644774913 521 3 1224979098644774916 1224979098644774913 30 522 3 1224979098644774917 1224979098644774915 7 2147483679 2 1224979098644774917 1224979098644774912 2133 2 1224979098644774918 1 4 0 30 2 1224979098644774917 0 520 3 1224979098644774919 1224979098644774917 10 30 2 1224979098644774919 0 31 2 1224979098644774916 1224979098644774919 2133 2 1224979098644774918 0 3 0 31 2 1224979098644774918 1 2133 2 1224979098644774920 0 6 3 1224979098644774921 648518346341351445 648518346341351503 31 2 1224979098644774920 0 541 3 1224979098644774921 54 -1 2204 2 1224979098644774922 1224979098644774921 2190 3 1224979098644774923 1224979098644774922 1224979098644774915 32 2 1224979098644774923 0 2281 3 1224979098644774924 1224979098644774913 1224979098644774921 2147483678 2 1224979098644774924 20 1625 2 1 1224979098644774913 1625 2 2 1224979098644774921 2147484362 2 2 1 1 4 936748722493063415 1224979098644774913 14 1224979098644774921 2133 2 1224979098644774920 1 3 0 3 0 5 0 500 3 1224979098644774912 10 -1 3 0 3 0 
0.500000  44 2270 1 1224979098644774912 2119 3 1224979098644774913 1224979098644774912 11 2121 3 1224979098644774914 1224979098644774912 5 1601 2 1224979098644774915 648518346341351424 1602 2 1224979098644774916 648518346341351424 2105 2 1224979098644774915 1224979098644774916 2130 1 1224979098644774915 2125 2 1224979098644774917 1224979098644774915 2131 1 1224979098644774917 4 0 31 2 1224979098644774913 0 6 3 1224979098644774918 432345564227567629 432345564227567635 522 3 1224979098644774919 1224979098644774918 30 2106 2 1224979098644774919 1 2111 2 1224979098644774919 0 502 3 1224979098644774918 30 1224979098644774919 3 0 3 0 31 2 144115188075856090 0 6 3 1224979098644774920 648518346341351445 648518346341351593 2204 2 1224979098644774918 1224979098644774920 2190 3 1224979098644774921 1224979098644774918 432345564227567629 2147483678 2 1224979098644774921 0 2281 3 1224979098644774922 648518346341351424 1224979098644774920 2147483678 2 1224979098644774922 5 2122 3 1224979098644774923 1224979098644774922 1224979098644774922 2121 3 1224979098644774924 20 1224979098644774923 2121 3 1224979098644774925 20 1224979098644774921 2122 3 1224979098644774926 1224979098644774924 1224979098644774925 2107 2 1224979098644774926 1224979098644774917 2123 3 1224979098644774927 1224979098644774926 10 2136 3 1224979098644774928 0 1000 2147483678 2 1224979098644774928 1224979098644774927 522 3 1224979098644774919 1224979098644774918 30 2105 2 1224979098644774919 1 2110 2 1224979098644774919 100 502 3 1224979098644774918 30 1224979098644774919 4 0 2147484209 3 1224979098644774920 42 1224979098644774914 2342 2 1 1224979098644774920 1106 1 1585267068834415135 501 3 1224979098644774920 42 1224979098644774912 3 0 3 0 
6.000000  1 1 1 936748722493063866 
24.000000  17 1540 2 1224979098644774912 360287970189639680 6 3 1224979098644774913 0 1224979098644774912 1541 3 1224979098644774914 360287970189639680 1224979098644774913 1073741855 2 1224979098644774914 288230376151711869 1073741855 2 1224979098644774914 288230376151711871 31 2 1224979098644774914 288230376151711872 1542 3 1224979098644774915 360287970189639680 1224979098644774913 4 0 30 2 1224979098644774915 37 2147483678 2 1224979098644774915 41 2105 2 1224979098644774915 1 1544 3 360287970189639680 1224979098644774913 1224979098644774915 5 0 2147483678 2 1224979098644774915 37 1544 3 360287970189639680 1224979098644774913 37 3 0 3 0 
72.000000  1 1 1 936748722493063533 
0.000000  25 1541 3 1224979098644774912 360287970189639680 8 2133 2 1224979098644774913 -1 4 0 31 2 144115188075855872 1 2133 2 1224979098644774913 1297036692682703069 5 0 4 0 31 2 144115188075856144 0 4 0 30 2 1224979098644774912 0 2133 2 1224979098644774913 1297036692682703075 5 0 2133 2 1224979098644774913 1297036692682702848 3 0 5 0 31 2 144115188075856144 1 2133 2 1224979098644774913 1297036692682702875 5 0 31 2 144115188075856144 2 2133 2 1224979098644774913 1297036692682702876 3 0 3 0 2147483679 2 1224979098644774913 144115188075856786 2133 2 144115188075856786 1224979098644774913 1676 2 648518346341351424 1224979098644774913 
2.000000  32 11 1 1224979098644774912 1649 2 1224979098644774913 1224979098644774912 4 0 30 2 1224979098644774913 0 2106 2 1224979098644774913 2 2111 2 1224979098644774913 0 1648 2 1224979098644774912 1224979098644774913 2330 2 1 1224979098644774912 2133 2 72057594037927937 1224979098644774913 3 0 4 0 541 3 1224979098644774912 0 11 1645 2 1224979098644774912 50 3 0 1652 3 1224979098644774914 1224979098644774912 0 1073741857 3 1224979098644774914 360287970189639981 360287970189640111 31 2 1224979098644774914 360287970189639680 2149 2 1224979098644774915 1224979098644774914 1540 2 1224979098644774916 1224979098644774914 6 3 1224979098644774917 0 1224979098644774916 1541 3 1224979098644774918 1224979098644774914 1224979098644774917 30 2 1224979098644774918 0 4 0 33 3 1224979098644774918 288230376151711835 288230376151711874 2230 2 1224979098644774919 1224979098644774918 2105 2 1224979098644774915 1224979098644774919 3 0 3 0 2123 3 1224979098644774920 1224979098644774915 100 2112 3 1224979098644774920 0 100 1645 2 1224979098644774912 1224979098644774920 3 0 
6.000000  30 32 2 144115188075856146 0 32 2 144115188075856147 0 32 2 144115188075856148 0 2273 0 4 0 2170 3 1224979098644774912 1369094286720630785 360287970189639680 2107 2 1224979098644774912 5 2121 3 1224979098644774913 66 1224979098644774912 32 2 1224979098644774913 0 2133 2 1224979098644774914 0 6 3 1224979098644774915 0 144115188075856147 2136 3 1224979098644774916 0 100 2147483678 2 1224979098644774916 1224979098644774913 2105 2 1224979098644774914 1 3 0 1615 3 648518346341351424 144115188075856146 1224979098644774914 2133 2 1224979098644774914 72057594037927936 32 2 1224979098644774914 0 4 0 32 2 1224979098644774914 1 2133 2 72057594037927938 1 5 0 2133 2 72057594037927938 0 3 0 2133 2 72057594037927937 1224979098644774914 2324 3 1 144115188075856146 1224979098644774914 1105 1 1585267068834415136 3 0 2133 2 144115188075856146 0 2133 2 144115188075856147 0 
24.000000  10 2147483679 2 144115188075855994 1 1 2 936748722493063598 648518346341351424 31 2 72057594037927936 0 2133 2 1224979098644774912 648518346341351503 6 3 1224979098644774913 648518346341351445 1224979098644774912 541 3 1224979098644774913 7 360287970189639680 1 2 936748722493063598 1224979098644774913 31 2 72057594037927936 1 2133 2 1224979098644774912 0 3 0 
72.000000  48 2133 2 144115188075855994 0 6 3 1224979098644774912 648518346341351445 648518346341351503 521 3 1224979098644774913 1224979098644774912 7 32 2 1224979098644774913 0 1651 2 1224979098644774914 1224979098644774912 7 3 1224979098644774915 0 1224979098644774914 1656 3 1224979098644774916 1224979098644774912 1224979098644774915 1507 1 1224979098644774916 540 3 1224979098644774916 2 2 2136 3 1224979098644774917 0 100 4 0 2147483680 2 1224979098644774917 10 1 2 936748722493063597 1224979098644774916 2133 2 1224979098644774918 72057594037927936 520 3 1224979098644774919 1224979098644774913 11 2105 2 1224979098644774919 1224979098644774918 500 3 1224979098644774913 11 1224979098644774919 1616 3 1224979098644774912 1224979098644774916 1 1 2 936748722493063641 1224979098644774916 2173 2 1224979098644774920 1224979098644774913 2173 2 1224979098644774921 1224979098644774916 2322 2 1 1224979098644774916 2335 2 2 1224979098644774920 2335 2 3 1224979098644774921 1105 1 1585267068834415137 3 0 3 0 3 0 11 1 1224979098644774922 1609 2 1224979098644774923 1224979098644774922 4 0 1073741855 2 1224979098644774923 576460752303423510 1073741855 2 1224979098644774923 576460752303423511 31 2 1224979098644774923 576460752303423512 1651 2 1224979098644774914 1224979098644774922 7 3 1224979098644774915 0 1224979098644774914 1656 3 1224979098644774916 1224979098644774922 1224979098644774915 1507 1 1224979098644774916 540 3 1224979098644774916 2 2 1616 3 1224979098644774922 1224979098644774916 1 1 2 936748722493063641 1224979098644774916 2173 2 1224979098644774921 1224979098644774916 2322 2 1 1224979098644774916 2335 2 3 1224979098644774921 1105 1 1585267068834415137 3 0 3 0 3 0 
72.000000  9 1 1 936748722493063548 1 1 936748722493063552 1 1 936748722493063553 1 1 936748722493063555 1 1 936748722493063554 6 3 1224979098644774912 648518346341351503 648518346341351593 1 2 936748722493063549 1224979098644774912 1 2 936748722493063550 1224979098644774912 3 0 
36.000000  13 6 3 1224979098644774912 648518346341351445 648518346341351593 1073742365 3 1224979098644774912 0 3 541 3 1224979098644774912 0 4 1 3 936748722493063506 1224979098644774912 1 1 3 936748722493063506 1224979098644774912 2 2136 3 1224979098644774913 0 100 4 0 2147483678 2 1224979098644774913 70 2147484209 3 1224979098644774912 50 60 1 2 936748722493063505 1224979098644774912 1 4 936748722493063504 1224979098644774912 72057594037927936 1 3 0 3 0 
12.000000  20 6 3 1224979098644774912 648518346341351445 648518346341351593 521 3 1224979098644774913 1224979098644774912 124 32 2 1224979098644774913 0 521 3 1224979098644774914 1224979098644774912 125 2270 1 1224979098644774915 30 2 1224979098644774915 1224979098644774914 501 3 1224979098644774912 1224979098644774913 1 501 3 1224979098644774912 124 0 1 2 936748722493063579 1224979098644774913 4 0 541 3 1224979098644774912 7 360287970189639680 2330 2 4 1224979098644774912 1105 1 1585267068834415138 3 0 4 0 33 3 1224979098644774912 648518346341351503 648518346341351593 31 2 1224979098644774913 131 1 3 936748722493063585 1224979098644774912 3 3 0 3 0 
24.000000  54 6 3 1224979098644774912 648518346341351445 648518346341351593 1073742365 3 1224979098644774912 0 3 541 3 1224979098644774912 0 4 521 3 1224979098644774913 1224979098644774912 149 4 0 2147483680 2 1224979098644774913 0 2133 2 1224979098644774914 0 4 0 200 1 504403158265495585 546 3 504403158265495585 1 1224979098644774912 2147483850 1 504403158265495585 2133 2 1224979098644774914 1 5 0 2136 3 1224979098644774915 0 100 2147483678 2 1224979098644774915 3 2133 2 1224979098644774914 1 3 0 4 0 31 2 1224979098644774914 1 2136 3 1224979098644774915 0 3 4 0 31 2 1224979098644774915 0 2133 2 1224979098644774916 360287970189639837 5 0 31 2 1224979098644774915 1 2133 2 1224979098644774916 360287970189639839 5 0 2133 2 1224979098644774916 360287970189639840 3 0 501 3 1224979098644774912 149 1224979098644774916 4 0 31 2 144115188075856134 1 2330 2 1 1224979098644774912 1106 1 1585267068834415139 3 0 3 0 5 0 4 0 2133 2 1224979098644774917 40 4 0 541 3 1224979098644774912 0 3 2133 2 1224979098644774917 20 3 0 2136 3 1224979098644774915 0 100 2147483678 2 1224979098644774915 1224979098644774917 501 3 1224979098644774912 149 0 4 0 31 2 144115188075856134 1 2330 2 1 1224979098644774912 1106 1 1585267068834415140 3 0 3 0 3 0 3 0 
8.000000  23 2133 2 1224979098644774912 0 6 3 1224979098644774913 648518346341351445 648518346341351593 31 2 1224979098644774912 0 541 3 1224979098644774913 7 -2 2133 2 144115188075856169 1224979098644774913 4 0 31 2 144115188075856169 144115188075856199 2133 2 144115188075856199 0 2060 1 864691128455135305 5 0 2060 1 864691128455135308 3 0 2133 2 1224979098644774912 1 5 0 31 2 1224979098644774913 144115188075856199 561 3 1224979098644774913 7 360287970189639981 2133 2 144115188075856199 0 2204 2 1224979098644774914 1224979098644774913 31 2 1224979098644774914 144115188075855901 2133 2 144115188075856169 1224979098644774913 2060 1 864691128455135306 2133 2 1224979098644774912 1 3 0 
1.000000  25 2147483685 0 4 0 30 2 144115188075856215 0 32 2 144115188075855897 0 2105 2 144115188075856999 10 3 0 2273 0 30 2 144115188075856215 0 2270 1 1224979098644774912 30 2 1224979098644774912 144115188075855900 2120 3 144115188075855900 1224979098644774912 24 2149 2 1224979098644774913 360287970189639680 1601 2 1224979098644774914 648518346341351424 2123 3 1224979098644774915 1224979098644774914 4 2105 2 1224979098644774915 1 1 1 936748722493063739 2147484189 3 144115188075856215 7 360287970189639680 4 0 30 2 1224979098644774913 1224979098644774915 1106 1 1585267068834415141 1529 2 360287970189639680 1224979098644774915 5 0 32 2 1224979098644774913 0 1529 2 360287970189639680 1224979098644774913 3 0 
36.000000  1 1 1 936748722493063575 
24.000000  1 1 1 936748722493063299 
24.000000  73 2133 2 1224979098644774912 0 6 3 1224979098644774913 432345564227567629 432345564227567635 502 3 1224979098644774913 20 0 3 0 11 1 1224979098644774914 2204 2 1224979098644774915 1224979098644774914 33 3 1224979098644774915 432345564227567629 432345564227567635 1073741857 3 1224979098644774914 648518346341351445 648518346341351593 541 3 1224979098644774914 0 13 522 3 1224979098644774916 1224979098644774915 20 2105 2 1224979098644774916 1 502 3 1224979098644774915 20 1224979098644774916 3 0 6 3 1224979098644774913 432345564227567629 432345564227567635 542 3 1224979098644774913 21 0 2105 2 1224979098644774912 1 542 3 1224979098644774913 20 0 2133 2 1224979098644774917 0 4 0 31 2 1224979098644774913 432345564227567629 4 0 2147483680 2 144115188075855903 0 502 3 1224979098644774913 21 2 2133 2 1224979098644774917 1 3 0 5 0 2147483679 2 144115188075855901 1224979098644774913 502 3 1224979098644774913 21 1 11 1 1224979098644774914 2204 2 1224979098644774915 1224979098644774914 31 2 1224979098644774915 1224979098644774913 521 3 1224979098644774918 1224979098644774914 123 2204 2 1224979098644774919 1224979098644774918 1620 2 1224979098644774914 1224979098644774919 3 0 2133 2 1224979098644774920 -1 6 3 1224979098644774921 360287970189640086 360287970189640091 540 3 1224979098644774921 14 1224979098644774913 2133 2 1224979098644774920 1224979098644774921 3 0 4 0 33 3 1224979098644774920 360287970189640086 360287970189640091 2147483679 2 1224979098644774920 144115188075855903 500 3 1224979098644774920 12 0 3 0 2133 2 1224979098644774917 1 4 0 31 2 144115188075856200 1224979098644774913 2133 2 144115188075856200 0 2133 2 144115188075855998 0 2133 2 144115188075856201 0 1 4 936748722493063450 864691128455135407 1224979098644774913 0 3 0 1 4 936748722493063450 864691128455135413 1224979098644774913 0 3 0 4 0 31 2 1224979098644774917 1 2106 2 1224979098644774912 1 1 1 936748722493063626 3 0 6 3 1224979098644774922 432345564227567629 432345564227567635 1 2 936748722493063557 1224979098644774922 3 0 3 0 4 0 31 2 1224979098644774912 1 31 2 144115188075856919 0 2133 2 144115188075856919 1 6 3 1224979098644774913 432345564227567629 432345564227567635 542 3 1224979098644774913 21 0 1 4 936748722493063450 864691128455135406 1224979098644774913 0 3 0 3 0 
168.000000  4 520 3 1224979098644774912 360287970189639680 7 2123 3 1224979098644774913 1224979098644774912 200 2106 2 1224979098644774912 1224979098644774913 500 3 360287970189639680 7 1224979098644774912 
1.000000  46 2147483685 0 32 2 144115188075856143 0 150 1 144115188075856143 2172 3 1224979098644774912 360287970189639680 2 527 3 1224979098644774913 144115188075856143 4 2147483680 2 1224979098644774913 1224979098644774912 527 3 1224979098644774914 144115188075856143 2 527 3 1224979098644774915 144115188075856143 3 31 2 1224979098644774915 0 2105 2 1224979098644774914 7 507 3 144115188075856143 2 1224979098644774914 30 2 1224979098644774914 1000 507 3 144115188075856143 3 1 2325 2 1 144115188075856143 2319 1 2 4 0 31 2 144115188075856143 288230376151711825 1521 3 360287970189639680 1369094286720630799 1 2320 2 2 1585267068834415142 5 0 31 2 144115188075856143 288230376151711826 1521 3 360287970189639680 1369094286720630791 1 2320 2 2 1585267068834415143 5 0 31 2 144115188075856143 288230376151711827 1521 3 360287970189639680 1369094286720630785 1 2320 2 2 1585267068834415144 5 0 31 2 144115188075856143 288230376151711828 1520 3 360287970189639680 2 1 2320 2 2 1585267068834415145 5 0 31 2 144115188075856143 288230376151711829 1521 3 360287970189639680 1369094286720630784 1 2320 2 2 1585267068834415146 5 0 31 2 144115188075856143 288230376151711830 1521 3 360287970189639680 1369094286720630811 1 2320 2 2 1585267068834415147 5 0 31 2 144115188075856143 288230376151711831 1521 3 360287970189639680 1369094286720630792 1 2320 2 2 1585267068834415148 3 0 1120 2 1585267068834415149 1585267068834415150 2133 2 144115188075856143 0 
12.000000  18 11 1 1224979098644774912 541 3 1224979098644774912 0 17 2281 3 1224979098644774913 1224979098644774912 648518346341351424 4 0 32 2 1224979098644774913 30 1232 1 1224979098644774912 4 0 200 1 504403158265495578 2147483852 1 504403158265495578 546 3 504403158265495578 8 1224979098644774912 1 2 936748722493063543 504403158265495578 3 0 5 0 32 2 1224979098644774913 10 501 3 1224979098644774912 7 0 1640 2 1224979098644774912 0 3 0 3 0 
336.000000  7 6 3 1224979098644774912 648518346341351503 648518346341351593 541 3 1224979098644774912 7 360287970189639680 521 3 1224979098644774913 1224979098644774912 26 2105 2 1224979098644774913 1 2110 2 1224979098644774913 100 501 3 1224979098644774912 26 1224979098644774913 3 0 
24.000000  111 6 3 1224979098644774912 0 504403158265495701 4 0 200 1 1224979098644774912 4 0 2147483852 1 1224979098644774912 566 3 1224979098644774912 23 1 526 3 1224979098644774913 1224979098644774912 23 2106 2 1224979098644774913 1 4 0 31 2 1224979098644774912 504403158265495599 31 2 1224979098644774913 0 1 2 936748722493063543 1224979098644774912 5 0 31 2 1224979098644774912 504403158265495601 31 2 1224979098644774913 0 1 2 936748722493063543 1224979098644774912 5 0 31 2 1224979098644774912 504403158265495607 31 2 1224979098644774913 0 1 2 936748722493063435 -2 526 3 1224979098644774914 1224979098644774912 6 1 3 936748722493063428 1224979098644774914 -15 1 2 936748722493063543 1224979098644774912 1 2 936748722493063545 1224979098644774912 5 0 31 2 1224979098644774912 504403158265495608 31 2 1224979098644774913 0 1 2 936748722493063435 -2 526 3 1224979098644774914 1224979098644774912 6 1 3 936748722493063428 1224979098644774914 -15 1 3 936748722493063430 432345564227567634 -5 1 2 936748722493063543 1224979098644774912 1 2 936748722493063545 1224979098644774912 5 0 31 2 1224979098644774912 504403158265495700 31 2 1224979098644774913 0 1 2 936748722493063435 -3 526 3 1224979098644774914 1224979098644774912 6 1 3 936748722493063428 1224979098644774914 -30 1 3 936748722493063430 432345564227567634 -15 1 2 936748722493063543 1224979098644774912 1 2 936748722493063545 1224979098644774912 5 0 31 2 1224979098644774912 504403158265495602 31 2 1224979098644774913 0 526 3 1224979098644774914 1224979098644774912 6 1 3 936748722493063428 1224979098644774914 -15 1 2 936748722493063543 1224979098644774912 1 2 936748722493063545 1224979098644774912 1 2 936748722493063543 504403158265495603 1 2 936748722493063545 504403158265495603 1 3 936748722493063430 432345564227567633 -5 5 0 31 2 1224979098644774912 504403158265495688 31 2 1224979098644774913 0 1520 3 360287970189639680 0 1 1520 3 360287970189639680 1 2 1 2 936748722493063545 504403158265495688 5 0 31 2 1224979098644774912 504403158265495687 31 2 1224979098644774913 0 2133 2 1224979098644774915 0 2133 2 1224979098644774916 0 6 3 1224979098644774917 360287970189639981 360287970189640091 2173 2 1224979098644774918 1224979098644774917 31 2 1224979098644774918 432345564227567631 2105 2 1224979098644774915 1 520 3 1224979098644774919 1224979098644774917 142 31 2 1224979098644774919 1 2105 2 1224979098644774916 1 3 0 2107 2 1224979098644774915 50 2108 2 1224979098644774915 100 4 0 30 2 1224979098644774916 1224979098644774915 2060 1 864691128455135499 5 0 2060 1 864691128455135500 3 0 5 0 33 3 1224979098644774912 504403158265495690 504403158265495695 31 2 1224979098644774913 0 1520 3 360287970189639680 0 1 1520 3 360287970189639680 1 1 506 3 1224979098644774912 23 -1 506 3 1224979098644774912 27 0 1 2 936748722493063545 1224979098644774912 2133 2 144115188075856999 0 1 1 936748722493063739 4 0 31 2 144115188075855897 1 2133 2 144115188075855899 1 5 0 2133 2 144115188075855899 0 3 0 5 0 31 2 1224979098644774913 0 1 3 936748722493063473 1224979098644774912 1 5 0 506 3 1224979098644774912 23 1224979098644774913 2133 2 72057594037927936 1224979098644774913 1113 4 1224979098644774912 7 1585267068834414765 0 3 0 3 0 5 0 566 3 1224979098644774912 25 1 526 3 1224979098644774920 1224979098644774912 25 2106 2 1224979098644774920 1 506 3 1224979098644774912 25 1224979098644774920 3 0 3 0 
6.000000  45 33 3 144115188075855901 432345564227567629 432345564227567635 31 2 144115188075856090 0 2147484190 3 144115188075855901 4 0 2147483848 1 504403158265495571 2147483848 1 504403158265495570 2147484214 3 504403158265495571 25 1 522 3 1224979098644774912 144115188075855901 7 32 2 1224979098644774912 0 520 3 1224979098644774913 1224979098644774912 10 32 2 1224979098644774913 0 2133 2 1224979098644774914 1 6 3 1224979098644774915 504403158265495552 504403158265495570 200 1 1224979098644774915 546 3 1224979098644774915 6 1224979098644774912 2133 2 1224979098644774914 0 3 0 31 2 1224979098644774914 1 6 3 1224979098644774915 504403158265495572 504403158265495575 200 1 1224979098644774915 2133 2 1224979098644774914 0 3 0 31 2 1224979098644774914 1 2171 2 1224979098644774916 360287970189639680 30 2 1224979098644774916 8 2133 2 1224979098644774917 2 6 3 1224979098644774918 648518346341351445 648518346341351593 541 3 1224979098644774918 7 360287970189639680 4 0 541 3 1224979098644774918 0 3 2105 2 1224979098644774917 3 5 0 541 3 1224979098644774918 0 2 2105 2 1224979098644774917 1 5 0 2105 2 1224979098644774917 1 3 0 3 0 2107 2 1224979098644774917 4 2110 2 1224979098644774917 60 506 3 504403158265495571 6 1224979098644774912 506 3 504403158265495571 2 1224979098644774912 506 3 504403158265495571 10 1224979098644774917 506 3 504403158265495571 23 4 506 3 504403158265495571 24 28 2060 1 864691128455135393 
3.000000  128 2133 2 144115188075856920 -1 200 2 504403158265495570 1 33 3 144115188075855901 432345564227567629 432345564227567635 2147484190 3 144115188075855901 4 0 522 3 1224979098644774912 144115188075855901 7 2147483679 2 1224979098644774912 360287970189639680 32 2 1224979098644774912 0 520 3 1224979098644774913 1224979098644774912 10 32 2 1224979098644774913 0 2281 3 1224979098644774914 1224979098644774913 648518346341351424 4 0 2147483678 2 1224979098644774914 15 2133 2 144115188075855992 0 2270 1 1224979098644774915 522 3 1224979098644774916 144115188075855901 6 2121 3 1224979098644774917 1224979098644774915 1224979098644774916 2133 2 1224979098644774918 -1 4 0 2136 3 1224979098644774919 0 100 2147483678 2 1224979098644774919 30 540 3 1224979098644774912 20 0 6 3 1224979098644774920 0 20 31 2 1224979098644774918 -1 2136 3 1224979098644774921 504403158265495572 504403158265495575 2147484214 3 1224979098644774921 25 1 4 0 31 2 1224979098644774921 504403158265495572 4 0 542 3 144115188075855901 4 2 32 2 1224979098644774917 120 2136 3 1224979098644774922 5 10 2133 2 1224979098644774918 1224979098644774921 506 3 1224979098644774918 10 1224979098644774922 506 3 1224979098644774918 23 10 506 3 1224979098644774918 24 30 3 0 5 0 31 2 1224979098644774921 504403158265495573 4 0 542 3 144115188075855901 4 2 522 3 1224979098644774923 144115188075855901 5 33 3 1224979098644774923 648518346341351445 648518346341351503 1680 2 1224979098644774924 1224979098644774913 31 2 1224979098644774924 1224979098644774923 2133 2 1224979098644774918 1224979098644774921 506 3 1224979098644774918 1 1224979098644774923 506 3 1224979098644774918 23 2 506 3 1224979098644774918 24 15 3 0 5 0 31 2 1224979098644774921 504403158265495574 4 0 2133 2 1224979098644774925 100 2133 2 144115188075856921 -1 2133 2 144115188075856922 -1 2133 2 144115188075856923 -1 2133 2 1224979098644774926 0 6 3 1224979098644774920 0 1224979098644774925 4 0 2147483678 2 144115188075856921 0 1 3 936748722493063362 1224979098644774913 50 2133 2 144115188075856921 72057594037927936 3 0 4 0 2147483678 2 144115188075856922 0 1 3 936748722493063362 1224979098644774913 50 2147483679 2 144115188075856921 72057594037927936 2133 2 144115188075856922 72057594037927936 3 0 4 0 2147483678 2 144115188075856923 0 1 3 936748722493063362 1224979098644774913 50 2147483679 2 144115188075856921 72057594037927936 2147483679 2 144115188075856922 72057594037927936 2133 2 144115188075856923 72057594037927936 3 0 2147483679 2 144115188075856921 144115188075856922 2147483679 2 144115188075856921 144115188075856922 2147483679 2 144115188075856922 144115188075856923 30 2 144115188075856921 0 30 2 144115188075856922 0 30 2 144115188075856923 0 2133 2 1224979098644774925 0 2133 2 1224979098644774926 1 3 0 31 2 1224979098644774926 1 2133 2 144115188075856924 0 2133 2 144115188075856925 0 2133 2 144115188075856926 0 2133 2 1224979098644774918 1224979098644774921 506 3 1224979098644774918 23 7 506 3 1224979098644774918 24 25 3 0 3 0 3 0 4 0 2147483679 2 1224979098644774918 -1 506 3 1224979098644774918 11 0 506 3 1224979098644774918 6 1224979098644774912 4 0 31 2 1224979098644774918 504403158265495573 2060 1 864691128455135395 5 0 2133 2 144115188075856920 1224979098644774918 506 3 144115188075856920 6 1224979098644774912 2060 1 864691128455135394 3 0 3 0 3 0 5 0 2105 2 144115188075855992 1 4 0 2147483678 2 144115188075855992 12 4 0 2119 3 1224979098644774927 144115188075855992 4 31 2 1224979098644774927 0 2341 2 1 1224979098644774912 4 0 2147483678 2 144115188075855992 8 1106 1 1585267068834415151 5 0 1106 1 1585267068834415152 3 0 3 0 5 0 2060 1 864691128455135396 3 0 3 0 
0.500000  8 200 1 504403158265495578 2147483852 1 504403158265495578 526 3 1224979098644774912 504403158265495578 8 526 3 1224979098644774913 504403158265495578 1 2281 3 1224979098644774914 1224979098644774912 1224979098644774913 2147483678 2 1224979098644774914 3 1232 1 1224979098644774912 1 2 936748722493063542 504403158265495578 
2.000000  12 6 3 1224979098644774912 360287970189639981 360287970189640091 520 3 1224979098644774913 1224979098644774912 10 30 2 1224979098644774913 1 541 3 1224979098644774913 31 1 2270 1 1224979098644774914 2147484209 3 1224979098644774913 32 1224979098644774914 501 3 1224979098644774913 30 -1 501 3 1224979098644774913 31 0 2133 2 1224979098644774915 200 2120 3 1224979098644774916 1224979098644774914 1224979098644774915 501 3 1224979098644774913 33 1224979098644774916 3 0 
0.500000  34 4 0 200 1 504403158265495587 2147483850 1 504403158265495587 526 3 1224979098644774912 504403158265495587 1 526 3 1224979098644774913 504403158265495587 10 526 3 1224979098644774914 504403158265495587 11 2121 3 1224979098644774915 1224979098644774913 1224979098644774914 1 3 936748722493063627 1224979098644774912 1224979098644774915 2105 2 1224979098644774914 72057594037927936 506 3 504403158265495587 11 1224979098644774914 2147483680 2 1224979098644774913 1224979098644774914 1 2 936748722493063542 504403158265495587 3 0 4 0 200 1 504403158265495572 2147483850 1 504403158265495572 526 3 1224979098644774916 504403158265495572 6 520 3 1224979098644774917 1224979098644774916 10 4 0 32 2 1224979098644774917 0 526 3 1224979098644774913 504403158265495572 10 526 3 1224979098644774914 504403158265495572 11 2121 3 1224979098644774915 1224979098644774913 1224979098644774914 1 3 936748722493063627 1224979098644774917 1224979098644774915 2105 2 1224979098644774914 72057594037927936 506 3 504403158265495572 11 1224979098644774914 4 0 2147483680 2 1224979098644774913 1224979098644774914 1 2 936748722493063542 504403158265495572 3 0 5 0 1 3 936748722493063473 504403158265495572 0 3 0 3 0 
1.000000  14 2147483685 0 200 1 504403158265495588 2147483852 1 504403158265495588 31 2 144115188075856208 1 2105 2 144115188075856927 1 1 2 936748722493063577 1369094286720630801 2133 2 1224979098644774912 72057594037927936 2121 3 1224979098644774913 20 1224979098644774912 2107 2 1224979098644774913 3 2108 2 1224979098644774913 5 30 2 144115188075856927 1224979098644774913 2133 2 144115188075856927 0 1030 3 0 0 0 2060 1 864691128455135351 
1.000000  30 200 1 504403158265495574 2147483850 1 504403158265495574 4 0 31 2 144115188075856924 0 2281 3 1224979098644774912 144115188075856921 648518346341351424 2147483680 2 1224979098644774912 3 2133 2 144115188075856924 1 2342 2 1 144115188075856921 1106 1 1585267068834415153 3 0 4 0 31 2 144115188075856925 0 2281 3 1224979098644774912 144115188075856922 648518346341351424 2147483680 2 1224979098644774912 3 2133 2 144115188075856925 1 2342 2 1 144115188075856922 1106 1 1585267068834415153 3 0 4 0 31 2 144115188075856926 0 2281 3 1224979098644774912 144115188075856923 648518346341351424 2147483680 2 1224979098644774912 3 2133 2 144115188075856926 1 2342 2 1 144115188075856923 1106 1 1585267068834415153 3 0 31 2 144115188075856924 1 31 2 144115188075856925 1 31 2 144115188075856926 1 1 2 936748722493063542 504403158265495574 
3.000000  7 2147483685 0 200 1 504403158265495559 546 3 504403158265495559 11 0 506 3 504403158265495559 11 1 1030 3 0 0 0 2133 2 144115188075856031 144115188075856025 2133 2 144115188075856218 864691128455135415 
1.000000  55 2147483685 0 200 1 504403158265495557 31 2 144115188075856090 0 31 2 144115188075856207 1 526 3 1224979098644774912 504403158265495557 11 1073741855 2 1224979098644774912 1 1073741855 2 1224979098644774912 2 31 2 1224979098644774912 3 526 3 1224979098644774913 504403158265495557 10 2106 2 1224979098644774913 1 506 3 504403158265495557 10 1224979098644774913 1 2 936748722493063577 1369094286720630784 4 0 2147483678 2 1224979098644774913 0 2133 2 1224979098644774912 4 506 3 504403158265495557 11 4 1030 3 0 0 0 2060 1 864691128455135345 5 0 2133 2 1224979098644774914 144115188075856229 521 3 1224979098644774915 144115188075856234 50 2120 3 1224979098644774916 30 1224979098644774915 2107 2 1224979098644774914 1224979098644774916 2108 2 1224979098644774914 80 4 0 31 2 144115188075856232 1 2108 2 1224979098644774914 2 3 0 2111 2 1224979098644774914 2 2136 3 1224979098644774917 1 1224979098644774914 526 3 1224979098644774918 504403158265495557 22 2105 2 1224979098644774918 1224979098644774917 506 3 504403158265495557 22 1224979098644774918 1 3 936748722493063588 360287970189639680 1224979098644774917 3 0 4 0 31 2 1224979098644774912 1 2106 2 144115188075856230 1 2147483680 2 144115188075856230 0 506 3 504403158265495557 11 2 2060 1 864691128455135348 5 0 31 2 1224979098644774912 2 2106 2 144115188075856231 1 2147483680 2 144115188075856231 0 31 2 144115188075856232 0 506 3 504403158265495557 11 3 2123 3 1224979098644774919 10000 144115188075856228 2105 2 1224979098644774919 30 2136 3 1224979098644774920 0 1000 4 0 2147483678 2 1224979098644774920 1224979098644774919 2060 1 864691128455135349 3 0 3 0 
72.000000  9 32 2 144115188075856063 0 32 2 144115188075856064 0 4 0 2190 3 1224979098644774912 144115188075856063 144115188075856064 2147483678 2 1224979098644774912 0 1 4 936748722493063446 144115188075856063 144115188075856064 1 3 0 2133 2 144115188075856063 0 2133 2 144115188075856064 0 
1.000000  46 4 0 32 2 144115188075855891 0 4 0 110 1 144115188075855891 2147483679 2 144115188075856090 1 1025 1 144115188075855891 5 0 2133 2 144115188075855891 0 3 0 5 0 32 2 144115188075855980 0 31 2 144115188075856787 0 4 0 110 1 144115188075855980 2147483679 2 144115188075856090 1 2133 2 144115188075856886 61 1025 1 144115188075855980 5 0 2133 2 144115188075855980 0 3 0 5 0 32 2 144115188075855889 0 31 2 144115188075856787 0 520 3 1224979098644774912 144115188075855889 71 4 0 110 1 144115188075855889 110 1 1224979098644774912 2147483679 2 144115188075856090 1 2133 2 144115188075856886 72 1025 1 144115188075855889 5 0 2133 2 144115188075855889 0 3 0 5 0 31 2 144115188075855983 0 6 3 1224979098644774913 360287970189639964 360287970189639980 110 1 1224979098644774913 540 3 1224979098644774913 78 0 520 3 1224979098644774914 1224979098644774913 60 32 2 1224979098644774914 0 2133 2 1224979098644774915 10 2147483678 2 1224979098644774915 7 2133 2 144115188075856886 60 1025 1 1224979098644774913 3 0 3 0 
4.000000  50 6 3 1224979098644774912 360287970189639981 360287970189640091 560 3 1224979098644774912 55 1 2173 2 1224979098644774913 1224979098644774912 520 3 1224979098644774914 1224979098644774912 55 520 3 1224979098644774915 1224979098644774912 10 2133 2 1224979098644774916 0 4 0 2147483680 2 1224979098644774915 0 2147484208 3 1224979098644774912 8 0 2133 2 1224979098644774916 1 5 0 32 2 1224979098644774915 0 1694 2 1224979098644774917 1224979098644774915 4 0 2147483678 2 1224979098644774917 0 1665 2 1224979098644774917 1224979098644774915 3 0 3221225505 3 1224979098644774917 648518346341351445 648518346341351593 541 3 1224979098644774917 7 1224979098644774912 2133 2 1224979098644774918 360287970189640091 6 3 1224979098644774919 360287970189639981 1224979098644774918 520 3 1224979098644774920 1224979098644774919 10 32 2 1224979098644774920 0 2204 2 1224979098644774921 1224979098644774920 31 2 1224979098644774921 1224979098644774913 2281 3 1224979098644774922 1224979098644774915 1224979098644774920 2147483678 2 1224979098644774922 4 2133 2 1224979098644774918 0 3 0 2147483679 2 1224979098644774918 0 2133 2 1224979098644774916 1 3 0 31 2 1224979098644774916 1 1 3 936748722493063387 1224979098644774912 1224979098644774914 500 3 1224979098644774912 55 0 4 0 33 3 1224979098644774914 432345564227567629 432345564227567635 2341 2 1 1224979098644774912 2343 2 2 1224979098644774913 2343 2 3 1224979098644774914 1106 1 1585267068834415154 4 0 31 2 1224979098644774913 144115188075855901 1 4 936748722493063450 864691128455135409 1224979098644774912 1224979098644774914 5 0 31 2 1224979098644774914 144115188075855901 1 4 936748722493063450 864691128455135410 1224979098644774912 1224979098644774913 3 0 3 0 3 0 
24.000000  6 6 3 1224979098644774912 360287970189640595 360287970189640600 500 3 1224979098644774912 174 0 500 3 1224979098644774912 172 0 500 3 1224979098644774912 176 -1 3 0 2133 2 144115188075856118 0 
168.000000  9 4 0 2147483848 1 504403158265495689 2107 2 144115188075856119 90 2108 2 144115188075856119 100 5 0 546 3 504403158265495689 11 0 2107 2 144115188075856119 80 2108 2 144115188075856119 100 3 0 
24.000000  11 200 1 504403158265495689 2149 2 1224979098644774912 360287970189639680 2108 2 1224979098644774912 100 2121 3 1224979098644774912 0 1224979098644774912 1 3 936748722493063588 360287970189639680 1224979098644774912 4 0 526 3 1224979098644774913 504403158265495689 10 2105 2 1224979098644774913 10 2147483680 2 1224979098644774913 144115188075856119 506 3 504403158265495689 11 1 3 0 
168.000000  12 200 1 504403158265495689 2136 3 1224979098644774912 0 100 4 0 2147483680 2 1224979098644774912 20 520 3 1224979098644774913 360287970189639680 7 2136 3 1224979098644774914 1 3 2107 2 1224979098644774914 4 2121 3 1224979098644774914 100 1224979098644774914 2107 2 1224979098644774913 1224979098644774914 2108 2 1224979098644774913 100 500 3 360287970189639680 7 1224979098644774913 3 0 
72.000000  4 1 1 936748722493063714 1 1 936748722493063712 1 1 936748722493063713 1 1 936748722493063715 
1.000000  50 4 0 31 2 144115188075855897 0 32 2 144115188075856999 0 2106 2 144115188075856999 3 2111 2 144115188075856999 0 3 0 1 1 936748722493063739 4 0 1 1 936748722493063718 4 0 31 2 72057594037927936 0 31 2 144115188075855897 0 31 2 144115188075856999 0 1 1 936748722493063719 2133 2 144115188075856999 0 3 0 3 0 4 0 32 2 144115188075855897 0 2133 2 1224979098644774912 0 6 3 1224979098644774913 0 5 31 2 1224979098644774912 0 2120 3 1224979098644774914 504403158265495690 1224979098644774913 526 3 1224979098644774912 1224979098644774914 27 31 2 1224979098644774912 1 2120 3 1224979098644774915 216172782113785613 1224979098644774913 2320 2 4 1224979098644774915 2133 2 1224979098644774916 1224979098644774913 3 0 6 3 1224979098644774917 0 144115188075855897 4 0 31 2 1224979098644774916 0 2133 2 1224979098644774918 15 5 0 31 2 1224979098644774916 1 2133 2 1224979098644774918 20 5 0 31 2 1224979098644774916 2 2133 2 1224979098644774918 15 5 0 31 2 1224979098644774916 3 2133 2 1224979098644774918 15 5 0 2133 2 1224979098644774918 10 3 0 2136 3 1224979098644774919 0 1224979098644774918 31 2 1224979098644774919 0 1 1 936748722493063720 3 0 3 0 
24.000000  0 
1.000000  27 1 1 936748722493063739 4 0 32 2 144115188075855897 0 4 0 30 2 144115188075856999 300 1 1 936748722493063722 3 0 4 0 31 2 144115188075856145 1 1 1 936748722493063723 2133 2 1224979098644774912 72057594037927936 4 0 31 2 1224979098644774912 1 31 2 144115188075855899 1 2270 1 144115188075855899 5 0 31 2 1224979098644774912 1 2147483679 2 144115188075855899 0 2270 1 1224979098644774913 2121 3 1224979098644774914 1224979098644774913 144115188075855899 4 0 30 2 1224979098644774914 24 1 1 936748722493063722 3 0 3 0 3 0 3 0 
144.000000  5 1 1 936748722493063725 4 0 32 2 72057594037927936 0 1 2 936748722493063436 -1 3 0 
24.000000  25 6 3 1224979098644774912 432345564227567629 432345564227567635 2147484190 3 1224979098644774912 21 1 2147484190 3 1224979098644774912 21 2 6 3 1224979098644774913 576460752303423510 576460752303423513 1 3 936748722493063685 1224979098644774912 1224979098644774913 2133 2 1224979098644774914 72057594037927936 4 0 2147483678 2 1224979098644774914 7 1 3 936748722493063731 1224979098644774912 1224979098644774913 3 0 3 0 3 0 4 0 200 1 504403158265495632 2147483850 1 504403158265495632 2147483849 1 504403158265495632 546 3 504403158265495632 11 1 1 3 936748722493063452 360287970189640587 1 4 0 2147483679 2 72057594037927936 0 1506 2 72057594037927937 360287970189640587 2320 2 2 1585267068834414774 1113 4 504403158265495625 4 2 1 3 0 3 0 
0.100000  1 1 1 936748722493063734 
1.000000  26 11 1 1224979098644774912 1609 2 1224979098644774913 1224979098644774912 4 0 1073741855 2 1224979098644774913 576460752303423510 1073741855 2 1224979098644774913 576460752303423511 31 2 1224979098644774913 576460752303423512 2204 2 1224979098644774914 1224979098644774912 1680 2 1224979098644774915 1224979098644774912 2147483678 2 1224979098644774915 0 1694 2 1224979098644774916 1224979098644774912 2147483678 2 1224979098644774916 0 2290 2 1224979098644774917 1224979098644774912 2147483679 2 1224979098644774917 8 4 0 2147483681 3 1224979098644774914 432345564227567629 432345564227567635 1 2 936748722493063754 1224979098644774912 3 0 3 0 4 0 32 2 1224979098644774912 648518346341351631 132 1 1224979098644774912 1650 2 1224979098644774918 1224979098644774912 2147483680 2 1224979098644774918 0 1 2 936748722493063754 1224979098644774912 3 0 3 0 
1.000000  7 11 1 1224979098644774912 132 1 1224979098644774912 2147483679 2 1224979098644774912 648518346341351424 1630 3 1224979098644774913 1224979098644774912 360287970189639680 30 2 1224979098644774913 1 1615 3 1224979098644774912 360287970189639680 1224979098644774913 3 0 
24.000000  0 
24.000000  0 
24.000000  0 
24.000000  0 
1.000000  73 2272 1 1224979098644774912 32 2 1224979098644774912 144115188075857014 2271 1 1224979098644774913 30 2 1224979098644774913 18 2136 3 1224979098644774914 0 4 1073741854 2 1224979098644774913 22 31 2 1224979098644774914 0 2133 2 144115188075857014 1224979098644774912 2149 2 1224979098644774915 360287970189639680 4 0 2147483678 2 1224979098644774915 0 2121 3 1224979098644774916 0 1224979098644774915 1528 2 360287970189639680 1224979098644774916 3 0 1671 2 1224979098644774917 648518346341351424 4 0 2320 2 1 216172782113785311 2319 1 2 1650 2 1224979098644774918 648518346341351424 2133 2 1224979098644774919 0 7 3 1224979098644774920 0 1224979098644774918 1652 3 1224979098644774921 648518346341351424 1224979098644774920 2147485155 1 1224979098644774921 1653 3 1224979098644774922 648518346341351424 1224979098644774920 2133 2 1224979098644774923 1224979098644774917 424 1 1224979098644774924 4 0 31 2 1224979098644774924 0 2133 2 1224979098644774925 44 5 0 31 2 1224979098644774924 1 2133 2 1224979098644774925 38 5 0 31 2 1224979098644774924 2 2133 2 1224979098644774925 32 3 0 2147483678 2 1224979098644774923 1224979098644774925 2120 3 1224979098644774926 1224979098644774925 4 2121 3 1224979098644774927 1224979098644774926 1224979098644774923 2108 2 1224979098644774927 4 2133 2 1224979098644774928 0 6 3 1224979098644774929 0 1224979098644774922 2136 3 1224979098644774914 0 100 2147483678 2 1224979098644774914 1224979098644774927 2105 2 1224979098644774928 1 1210 2 1224979098644774921 648518346341351424 3 0 4 0 30 2 1224979098644774928 1 2322 2 2 1224979098644774921 2133 2 72057594037927936 1224979098644774928 4 0 30 2 1224979098644774919 1 2320 2 1 216172782113786354 5 0 2320 2 3 1 2320 2 1 216172782113786355 3 0 2105 2 1224979098644774919 1224979098644774928 3 0 3 0 4 0 30 2 1224979098644774919 1 4 0 30 2 1224979098644774919 2 2320 2 2 216172782113785314 5 0 2320 2 2 216172782113785313 3 0 2320 2 1 216172782113786356 1120 2 1 216172782113785312 3 0 3 0 
720.000000 3 6 3 1224979098644774912 648518346341351501 648518346341351591 541 3 1224979098644774912 131 1 1 3 936748722493063465 1224979098644774912 5
