triggersfile version 1
95
0.100000 0.000000 100000000.000000  1 37 1 0  1 1120 2 216172782113786271 216172782113786270 
0.000000 0.000000 24.000000  0  9 2119 3 1224979098644774912 144115188075856961 7 4 0 31 2 1224979098644774912 0 1 1 936748722493063912 1 1 936748722493063913 1 1 936748722493063914 1 1 936748722493063915 3 0 2105 2 144115188075856961 1 
0.000000 0.000000 24.000000  0  0 
0.000000 0.000000 100000000.000000  0  8 1 1 936748722493063650 2133 2 144115188075855872 0 2133 2 144115188075855873 0 2133 2 144115188075855874 0 2133 2 144115188075855875 0 2133 2 144115188075855876 0 2133 2 144115188075855877 0 2133 2 144115188075855878 0 
0.000000 0.000000 168.000000  0  1 1 1 936748722493063649 
0.000000 0.000000 24.000000  0  0 
0.000000 0.000000 24.000000  0  0 
5.700000 0.000000 0.000000  4 2300 2 72057594037927939 576460752303423495 2147483678 2 72057594037927939 10 2310 2 72057594037927938 576460752303423495 2147483678 2 72057594037927938 3  2 1103 1 1 1100 2 648518346341351444 576460752303423495 
2.000000 0.000000 0.000000  2 2311 2 72057594037927938 576460752303423517 131 1 72057594037927938  5 2204 2 1224979098644774912 72057594037927938 1 3 936748722493063354 1224979098644774912 -1 1640 2 72057594037927938 1 1641 2 72057594037927938 72057594037927936 1603 3 72057594037927938 65536 0 
4.000000 0.000000 0.000000  3 31 2 144115188075855879 1 2291 2 72057594037927937 144115188075856044 2147483679 2 72057594037927937 144115188075856043  1 2133 2 144115188075855879 0 
1.500000 0.000000 0.000000  2 2311 2 72057594037927938 576460752303423513 131 1 72057594037927938  5 2204 2 1224979098644774912 72057594037927938 1 3 936748722493063354 1224979098644774912 -1 1640 2 72057594037927938 1 1641 2 72057594037927938 72057594037927936 1603 3 72057594037927938 65536 0 
1.000000 0.000000 0.000000  0  8 6 3 1224979098644774912 432345564227567629 432345564227567635 542 3 1224979098644774912 21 0 4 0 2136 3 1224979098644774913 0 100 2147483678 2 1224979098644774913 10 1 3 936748722493063403 1224979098644774912 11 3 0 3 0 
0.200000 0.000000 0.000000  43 200 1 504403158265495565 2147483852 1 504403158265495565 546 3 504403158265495565 11 2 526 3 1224979098644774912 504403158265495565 1 526 3 1224979098644774913 504403158265495565 8 4 0 2147483780 1 1224979098644774913 506 3 504403158265495565 11 3 1 2 936748722493063543 504403158265495565 5 0 130 2 1224979098644774913 1224979098644774912 1232 1 1224979098644774913 506 3 504403158265495565 11 3 526 3 1224979098644774914 504403158265495565 4 2133 2 1224979098644774915 0 6 3 1224979098644774916 432345564227567629 432345564227567635 542 3 1224979098644774916 21 0 2147483679 2 1224979098644774916 432345564227567629 2147484194 3 504403158265495565 3 1224979098644774916 2105 2 1224979098644774915 1 3 0 4 0 32 2 1224979098644774915 0 2136 3 1224979098644774917 0 1224979098644774915 2133 2 1224979098644774918 -1 6 3 1224979098644774916 432345564227567629 432345564227567635 31 2 1224979098644774918 -1 542 3 1224979098644774916 21 0 2147483679 2 1224979098644774916 432345564227567629 2147484194 3 504403158265495565 3 1224979098644774916 2106 2 1224979098644774917 1 2147483678 2 1224979098644774917 0 2133 2 1224979098644774918 1224979098644774916 3 0 3 0 4 0 32 2 1224979098644774918 0 1 3 936748722493063387 1224979098644774914 1224979098644774918 5 0 1 3 936748722493063387 1224979098644774914 432345564227567637 3 0 1 2 936748722493063542 504403158265495565 3 0  0 
0.200000 0.000000 0.000000  64 200 1 504403158265495560 2147483852 1 504403158265495560 526 3 1224979098644774912 504403158265495560 7 526 3 1224979098644774913 504403158265495560 1 4 0 132 1 144115188075856028 4 0 130 2 144115188075856028 1224979098644774913 1232 1 144115188075856028 2105 2 144115188075855880 1 5 0 130 2 144115188075856028 1224979098644774912 1232 1 144115188075856028 2105 2 144115188075855881 1 5 0 2281 3 1224979098644774914 648518346341351424 144115188075856028 32 2 1224979098644774914 3 1641 2 144115188075856028 1224979098644774913 3 0 3 0 4 0 132 1 144115188075856029 4 0 130 2 144115188075856029 1224979098644774913 1232 1 144115188075856029 2105 2 144115188075855880 1 5 0 130 2 144115188075856029 1224979098644774912 1232 1 144115188075856029 2105 2 144115188075855881 1 5 0 2281 3 1224979098644774914 648518346341351424 144115188075856029 32 2 1224979098644774914 3 1641 2 144115188075856029 1224979098644774913 3 0 3 0 4 0 132 1 144115188075856030 4 0 130 2 144115188075856030 1224979098644774913 1232 1 144115188075856030 2105 2 144115188075855880 1 5 0 130 2 144115188075856030 1224979098644774912 1232 1 144115188075856030 2105 2 144115188075855881 1 5 0 2281 3 1224979098644774914 648518346341351424 144115188075856030 32 2 1224979098644774914 3 1641 2 144115188075856030 1224979098644774913 3 0 3 0 2133 2 1224979098644774915 144115188075855881 2105 2 1224979098644774915 144115188075855880 30 2 1224979098644774915 3 4 0 30 2 144115188075855881 3 1 2 936748722493063542 504403158265495560 5 0 31 2 144115188075855881 0 1 2 936748722493063543 504403158265495560 5 0 1 2 936748722493063541 504403158265495560 3 0  0 
0.500000 0.000000 0.000000  88 200 1 504403158265495561 31 2 144115188075855887 0 526 3 1224979098644774912 504403158265495561 12 526 3 1224979098644774913 504403158265495561 7 2133 2 1224979098644774914 0 4 0 1073741855 2 144115188075855882 1 3221225604 1 144115188075856027 2147483780 1 144115188075856026 5 0 31 2 144115188075855883 0 2281 3 1224979098644774915 648518346341351424 144115188075856027 4 0 2133 2 1224979098644774916 3 4 0 2273 0 2133 2 1224979098644774916 1 3 0 2147483680 2 1224979098644774915 1224979098644774916 2281 3 1224979098644774917 648518346341351424 1224979098644774912 32 2 1224979098644774917 1 2133 2 1224979098644774914 1 2133 2 144115188075855882 1 1106 1 216172782113783984 5 0 2281 3 1224979098644774915 144115188075856026 144115188075856027 2147483680 2 1224979098644774915 1 1660 2 144115188075856027 144115188075856026 2133 2 144115188075855883 1 2133 2 144115188075855884 0 3 0 5 0 31 2 144115188075855883 1 2281 3 1224979098644774915 648518346341351424 144115188075856026 4 0 2147483680 2 1224979098644774915 1 1661 1 144115188075856027 2133 2 1224979098644774914 1 2133 2 144115188075855882 1 1106 1 216172782113783984 5 0 2105 2 144115188075855884 1 32 2 144115188075855884 4 1661 1 144115188075856027 2133 2 1224979098644774914 0 2133 2 144115188075855883 2 3 0 3 0 4 0 31 2 1224979098644774914 1 1641 2 144115188075856027 1224979098644774912 1641 2 144115188075856026 1224979098644774913 1640 2 144115188075856027 1 1640 2 144115188075856026 1 1603 3 144115188075856027 65536 0 1603 3 144115188075856026 65536 0 3 0 2133 2 1224979098644774918 0 4 0 132 1 144115188075856027 2105 2 1224979098644774918 1 130 2 144115188075856027 1224979098644774912 1232 1 144115188075856027 2133 2 144115188075855885 1 2106 2 1224979098644774918 1 3 0 4 0 132 1 144115188075856026 2105 2 1224979098644774918 1 130 2 144115188075856026 1224979098644774913 1232 1 144115188075856026 2133 2 144115188075855886 1 2106 2 1224979098644774918 1 3 0 4 0 31 2 144115188075855886 1 31 2 144115188075855885 1 1 2 936748722493063543 504403158265495561 3 0 4 0 31 2 1224979098644774918 0 2133 2 144115188075855887 1 1632 3 1224979098644774919 648518346341351424 360287970189640581 1632 3 1224979098644774920 648518346341351424 360287970189640606 32 2 1224979098644774919 0 32 2 1224979098644774920 0 1 2 936748722493063542 504403158265495561 3 0  0 
168.000000 0.000000 0.000000  0  2 2107 2 144115188075855888 101 2108 2 144115188075855888 100 
0.100000 0.000000 0.100000  2 200 1 504403158265495579 31 2 144115188075856067 1  6 526 3 1224979098644774912 504403158265495579 8 4 0 132 1 1224979098644774912 1640 2 1224979098644774912 0 1603 3 1224979098644774912 65536 0 3 0 
0.100000 0.000000 0.100000  2 200 1 504403158265495579 31 2 144115188075856067 0  7 526 3 1224979098644774912 504403158265495579 8 4 0 132 1 1224979098644774912 1640 2 1224979098644774912 10 1603 3 1224979098644774912 65536 0 1641 2 1224979098644774912 648518346341351424 3 0 
0.100000 0.000000 0.000000  3 200 1 504403158265495579 526 3 1224979098644774912 504403158265495579 8 2147483780 1 1224979098644774912  1 1 3 936748722493063473 504403158265495579 2 
0.300000 0.000000 1.100000  6 200 1 504403158265495581 2147483851 1 504403158265495581 2301 2 1224979098644774912 576460752303423502 2147483678 2 144115188075856068 1224979098644774912 2302 2 1224979098644774913 576460752303423502 31 2 1224979098644774913 144115188075856069  2 1106 1 216172782113783824 1 3 936748722493063473 504403158265495581 2 
0.300000 0.000000 1.100000  6 200 1 504403158265495581 2147483850 1 504403158265495581 2301 2 1224979098644774912 576460752303423502 2147483678 2 144115188075856068 1224979098644774912 2302 2 1224979098644774913 576460752303423502 2147483679 2 1224979098644774913 144115188075856069  1 1 2 936748722493063542 504403158265495581 
1.000000 0.000000 0.000000  5 200 1 504403158265495582 526 3 1224979098644774912 504403158265495582 8 132 1 1224979098644774912 131 1 1224979098644774912 1232 1 1224979098644774912  0 
0.000000 0.000000 168.000000  84 6 3 1224979098644774912 360287970189640086 360287970189640091 500 3 1224979098644774912 12 0 2147483679 2 1224979098644774912 144115188075855903 520 3 1224979098644774913 1224979098644774912 14 542 3 1224979098644774913 21 0 542 3 1224979098644774913 60 1 2147484188 3 1224979098644774912 2 2 2133 2 1224979098644774914 0 4 0 31 2 1224979098644774912 360287970189640086 1 2 936748722493063352 432345564227567630 2133 2 1224979098644774914 72057594037927936 4 0 2147483678 2 1224979098644774914 0 2133 2 1224979098644774914 648518346341351450 3 0 4 0 200 1 504403158265495639 2147483850 1 504403158265495639 2147483849 1 504403158265495639 566 3 504403158265495639 11 3 2133 2 1224979098644774914 -1 3 0 4 0 31 2 144115188075856095 1 1073742024 1 504403158265495638 200 1 504403158265495639 2133 2 1224979098644774914 -1 4 0 200 1 504403158265495641 2147483850 1 504403158265495641 2147483849 1 504403158265495641 2133 2 1224979098644774914 648518346341351450 3 0 3 0 5 0 31 2 1224979098644774912 360287970189640087 1 2 936748722493063352 432345564227567632 2133 2 1224979098644774914 72057594037927936 4 0 2147483678 2 1224979098644774914 0 2133 2 1224979098644774914 648518346341351455 3 0 4 0 200 1 504403158265495686 2147483850 1 504403158265495686 2147483849 1 504403158265495686 2133 2 1224979098644774914 -1 3 0 5 0 31 2 1224979098644774912 360287970189640088 1 2 936748722493063352 432345564227567634 2133 2 1224979098644774914 72057594037927936 4 0 2147483678 2 1224979098644774914 0 2133 2 1224979098644774914 648518346341351455 3 0 5 0 31 2 1224979098644774912 360287970189640089 1 2 936748722493063352 432345564227567633 2133 2 1224979098644774914 72057594037927936 4 0 2147483678 2 1224979098644774914 0 2133 2 1224979098644774914 648518346341351445 3 0 5 0 31 2 1224979098644774912 360287970189640090 200 1 504403158265495639 1 2 936748722493063352 432345564227567630 2133 2 1224979098644774914 72057594037927936 4 0 2147483678 2 1224979098644774914 0 2133 2 1224979098644774914 648518346341351451 3 0 3 0 500 3 1224979098644774912 12 1224979098644774914 4 0 31 2 0 1 30 2 1224979098644774914 -1 2322 2 4 1224979098644774912 2330 2 5 1224979098644774914 1106 1 1585267068834415155 3 0 3 0  0 
360.000000 0.000000 0.000000  1 1 1 936748722493063551  0 
0.000000 0.000000 24.000000  0  95 2133 2 1224979098644774912 0 2133 2 1224979098644774913 100 6 3 1224979098644774914 360287970189639964 360287970189639980 110 1 1224979098644774914 2105 2 1224979098644774912 1 3 0 2106 2 1224979098644774913 1224979098644774912 2170 3 1224979098644774915 1369094286720630791 360287970189639680 2105 2 1224979098644774913 1224979098644774915 2133 2 72057594037927943 1224979098644774913 4 0 32 2 144115188075855890 0 31 2 144115188075856787 0 4 0 520 3 1224979098644774916 144115188075855890 71 110 1 144115188075855890 110 1 1224979098644774916 2133 2 144115188075855889 144115188075855890 3 0 2133 2 144115188075855890 0 3 0 6 3 1224979098644774917 360287970189639964 360287970189639980 500 3 1224979098644774917 81 0 4 0 540 3 1224979098644774917 5 1 500 3 1224979098644774917 80 1 3 0 520 3 1224979098644774918 1224979098644774917 2 4 0 31 2 1224979098644774918 11 520 3 1224979098644774919 1224979098644774917 84 2322 2 31 1224979098644774917 520 3 1224979098644774920 360287970189639680 7 2133 2 72057594037927940 1224979098644774920 2133 2 72057594037927941 1224979098644774919 32 2 1224979098644774920 1224979098644774919 500 3 1224979098644774917 77 0 500 3 1224979098644774917 69 0 500 3 1224979098644774917 2 0 3 0 4 0 110 1 1224979098644774917 1 2 936748722493063594 1224979098644774917 2133 2 1224979098644774921 72057594037927936 4 0 2147483678 2 1224979098644774921 20 2136 3 1224979098644774922 0 100 2105 2 1224979098644774921 1224979098644774922 2147483678 2 1224979098644774921 20 2133 2 144115188075855891 1224979098644774917 3 0 520 3 1224979098644774923 1224979098644774917 77 2107 2 1224979098644774923 90 2108 2 1224979098644774923 1224979098644774913 500 3 1224979098644774917 77 1224979098644774923 520 3 1224979098644774923 1224979098644774917 69 2107 2 1224979098644774923 90 2108 2 1224979098644774923 1224979098644774913 500 3 1224979098644774917 69 1224979098644774923 4 0 1073742384 3 1224979098644774917 72 1 31 2 144115188075856787 1 520 3 1224979098644774924 1224979098644774917 71 110 1 1224979098644774924 1 4 936748722493063596 1224979098644774917 1224979098644774924 72 3 0 4 0 1073742384 3 1224979098644774917 74 1 31 2 144115188075856787 1 520 3 1224979098644774924 1224979098644774917 73 110 1 1224979098644774924 1 4 936748722493063596 1224979098644774917 1224979098644774924 74 3 0 4 0 1073742384 3 1224979098644774917 76 1 31 2 144115188075856787 1 520 3 1224979098644774924 1224979098644774917 75 110 1 1224979098644774924 520 3 1224979098644774923 1224979098644774917 77 2107 2 1224979098644774923 9 2108 2 1224979098644774923 10 500 3 1224979098644774917 77 1224979098644774923 3 0 4 0 31 2 144115188075856787 0 31 2 144115188075855889 0 31 2 144115188075855981 0 31 2 144115188075855890 0 540 3 1224979098644774917 72 0 520 3 1224979098644774916 1224979098644774917 71 110 1 1224979098644774916 2133 2 144115188075855890 1224979098644774917 3 0 3 0 3 0 
0.200000 0.000000 100000000.000000  1 200 1 504403158265495597  4 2320 2 2 1585267068834415156 2060 1 864691128455135424 1907 0 603 1 0 
3.000000 0.000000 100000000.000000  4 200 1 504403158265495607 2147483849 1 504403158265495607 2147483850 1 504403158265495607 546 3 504403158265495607 11 0  3 2060 1 864691128455135427 1907 0 603 1 0 
0.400000 0.300000 100000000.000000  2 200 1 504403158265495700 2147483849 1 504403158265495700  4 2320 2 2 1585267068834415084 2060 1 864691128455135429 1907 0 603 1 0 
0.400000 0.300000 100000000.000000  7 200 1 504403158265495611 566 3 504403158265495611 11 4 2281 3 1224979098644774912 648518346341351450 648518346341351424 2281 3 1224979098644774913 648518346341351460 648518346341351424 30 2 1224979098644774912 5 30 2 1224979098644774913 5 200 1 504403158265495611  24 1 3 936748722493063385 648518346341351450 432345564227567633 1 3 936748722493063385 648518346341351460 432345564227567633 1 2 936748722493063669 648518346341351450 1 2 936748722493063669 648518346341351460 1 4 936748722493063388 648518346341351450 360287970189639984 0 1 4 936748722493063388 648518346341351460 360287970189639984 0 1103 1 1 1100 2 648518346341351450 576460752303423546 2133 2 144115188075855892 72057594037927936 1 3 936748722493063683 144115188075855892 432345564227567633 2133 2 144115188075855892 72057594037927936 1640 2 144115188075855892 3 1641 2 144115188075855892 648518346341351450 1603 3 144115188075855892 65536 0 1103 1 1 1100 2 648518346341351460 576460752303423546 2133 2 144115188075855892 72057594037927936 1 3 936748722493063683 144115188075855892 432345564227567633 2133 2 144115188075855892 72057594037927936 1640 2 144115188075855892 3 1641 2 144115188075855892 648518346341351460 1603 3 144115188075855892 65536 0 1 3 936748722493063683 648518346341351450 432345564227567633 1 3 936748722493063683 648518346341351460 432345564227567633 
1.000000 0.300000 100000000.000000  6 200 1 504403158265495611 2147483849 1 504403158265495611 546 3 504403158265495611 11 2 2272 1 1224979098644774912 2106 2 1224979098644774912 144115188075856093 30 2 1224979098644774912 3  4 2133 2 144115188075855893 360287970189639964 2060 1 864691128455135430 1907 0 603 1 0 
24.000000 0.300000 100000000.000000  6 200 1 504403158265495611 2147483849 1 504403158265495611 546 3 504403158265495611 11 5 2272 1 1224979098644774912 2106 2 1224979098644774912 144115188075856093 30 2 1224979098644774912 7  4 2133 2 144115188075855893 360287970189639964 2060 1 864691128455135430 1907 0 603 1 0 
12.000000 0.300000 100000000.000000  3 200 1 504403158265495619 2147483849 1 504403158265495619 546 3 504403158265495619 11 3  4 2133 2 144115188075855893 360287970189639964 2060 1 864691128455135430 1907 0 603 1 0 
24.000000 0.300000 100000000.000000  6 200 1 504403158265495611 2147483849 1 504403158265495611 546 3 504403158265495611 11 7 2272 1 1224979098644774912 2106 2 1224979098644774912 144115188075856093 30 2 1224979098644774912 10  4 2060 1 864691128455135505 1907 0 603 1 0 506 3 504403158265495611 11 8 
0.000000 0.000000 168.000000  0  0 
24.000000 0.300000 100000000.000000  3 200 1 504403158265495611 2147483849 1 504403158265495611 546 3 504403158265495611 11 15  4 2133 2 144115188075855893 360287970189639964 2060 1 864691128455135430 1907 0 603 1 0 
24.000000 0.300000 100000000.000000  4 200 1 504403158265495626 2147483850 1 504403158265495626 2147483849 1 504403158265495626 546 3 504403158265495626 11 1  4 2133 2 144115188075855893 360287970189639964 2060 1 864691128455135430 1907 0 603 1 0 
24.000000 0.300000 100000000.000000  28 200 1 504403158265495627 2147483850 1 504403158265495627 2147483849 1 504403158265495627 546 3 504403158265495627 11 0 2133 2 1224979098644774912 0 4 0 4 0 2204 2 1224979098644774913 144115188075856901 31 2 1224979098644774913 432345564227567630 2105 2 1224979098644774912 1 3 0 4 0 2204 2 1224979098644774913 144115188075856902 31 2 1224979098644774913 432345564227567630 2105 2 1224979098644774912 1 3 0 4 0 2204 2 1224979098644774913 144115188075856903 31 2 1224979098644774913 432345564227567630 2105 2 1224979098644774912 1 3 0 4 0 2204 2 1224979098644774913 144115188075856904 31 2 1224979098644774913 432345564227567630 2105 2 1224979098644774912 1 3 0 3 0 31 2 1224979098644774912 4  5 2133 2 144115188075855893 360287970189639964 1 2 936748722493063542 504403158265495627 2060 1 864691128455135430 1907 0 603 1 0 
1.000000 0.300000 100000000.000000  4 200 1 504403158265495643 2147483850 1 504403158265495643 2147483849 1 504403158265495643 546 3 504403158265495643 11 1  4 2133 2 144115188075855893 360287970189640086 2060 1 864691128455135430 1907 0 603 1 0 
1.000000 0.300000 100000000.000000  4 200 1 504403158265495648 2147483850 1 504403158265495648 2147483849 1 504403158265495648 546 3 504403158265495648 11 1  5 526 3 1224979098644774912 504403158265495648 2 2133 2 144115188075855893 1224979098644774912 2060 1 864691128455135458 1907 0 603 1 0 
48.000000 0.300000 0.000000  2 546 3 504403158265495629 11 2 546 3 504403158265495611 11 20  23 1 2 936748722493063369 432345564227567630 2133 2 1224979098644774912 72057594037927936 4 0 30 2 1224979098644774912 0 1 3 936748722493063387 1224979098644774912 432345564227567636 2322 2 2 1224979098644774912 520 3 1224979098644774913 360287970189640087 10 4 0 32 2 1224979098644774913 0 1620 2 1224979098644774913 432345564227567636 3 0 1106 1 1585267068834415157 3 0 4 0 526 3 1224979098644774914 504403158265495629 26 2272 1 1224979098644774915 2106 2 1224979098644774915 1224979098644774914 30 2 1224979098644774915 7 2320 2 2 216172782113785520 2060 1 864691128455135454 1907 0 603 1 0 3 0 
1.000000 0.300000 100000000.000000  9 200 1 504403158265495634 2147483850 1 504403158265495634 2147483849 1 504403158265495634 526 3 1224979098644774912 504403158265495634 26 2272 1 1224979098644774913 2106 2 1224979098644774913 1224979098644774912 30 2 1224979098644774913 14 1 3 936748722493063685 432345564227567618 576460752303423549 32 2 72057594037927936 0  4 2320 2 2 216172782113785520 2060 1 864691128455135454 1907 0 603 1 0 
1.000000 0.300000 100000000.000000  5 200 1 504403158265495634 2147483850 1 504403158265495634 2147483849 1 504403158265495634 1 3 936748722493063685 432345564227567618 576460752303423549 31 2 72057594037927936 0  5 1 2 936748722493063542 504403158265495634 2133 2 144115188075855893 360287970189639964 2060 1 864691128455135430 1907 0 603 1 0 
1.000000 1.000000 100000000.000000  11 200 1 504403158265495601 2147483850 1 504403158265495601 2147483849 1 504403158265495601 4 0 132 1 144115188075856084 2281 3 1224979098644774912 144115188075856084 648518346341351458 5 0 2133 2 1224979098644774912 1 3 0 3221225604 1 144115188075856084 2147483680 2 1224979098644774912 1  6 1 2 936748722493063543 504403158265495601 506 3 504403158265495601 11 1 2133 2 144115188075855893 360287970189639877 2060 1 864691128455135430 1907 0 603 1 0 
24.000000 0.300000 100000000.000000  5 200 1 504403158265495635 2147483849 1 504403158265495635 546 3 504403158265495635 11 0 1 3 936748722493063349 432345564227567630 13 2147483680 2 72057594037927936 7  7 1 2 936748722493063545 504403158265495635 1064 1 2000 506 3 504403158265495636 6 360287970189639964 506 3 504403158265495636 11 0 1290 1 504403158265495636 2320 2 2 216172782113785646 1 3 936748722493063540 504403158265495636 360287970189639964 
2.000000 0.300000 100000000.000000  4 200 1 504403158265495635 2147483849 1 504403158265495635 546 3 504403158265495635 11 1 1 1 936748722493063689  7 1 2 936748722493063545 504403158265495635 1064 1 2000 506 3 504403158265495636 6 360287970189639964 506 3 504403158265495636 11 0 1290 1 504403158265495636 2320 2 2 216172782113785646 1 3 936748722493063540 504403158265495636 360287970189639964 
1.000000 0.300000 100000000.000000  14 200 1 504403158265495637 2147483850 1 504403158265495637 2147483849 1 504403158265495637 1 1 936748722493063687 2133 2 1224979098644774912 72057594037927936 1 2 936748722493063686 432345564227567630 2133 2 1224979098644774913 72057594037927936 2107 2 1224979098644774912 65 2108 2 1224979098644774912 100 2133 2 72057594037927937 1224979098644774912 30 2 1224979098644774913 1224979098644774912 2147484190 3 432345564227567631 21 0 2147484190 3 432345564227567633 21 0 2147484190 3 432345564227567634 21 0  6 1 2 936748722493063542 504403158265495637 372 1 15 2133 2 144115188075855893 360287970189639731 2060 1 864691128455135430 1907 0 603 1 0 
1.000000 0.300000 100000000.000000  6 200 1 504403158265495658 2147483850 1 504403158265495658 2147483849 1 504403158265495658 546 3 504403158265495658 11 0 2281 3 1224979098644774912 648518346341351424 648518346341351555 2147483678 2 1224979098644774912 10  4 2133 2 144115188075855893 360287970189639967 2060 1 864691128455135430 1907 0 603 1 0 
1.000000 0.300000 100000000.000000  4 200 1 504403158265495658 202 1 504403158265495658 2147483849 1 504403158265495658 546 3 504403158265495658 11 3  6 2133 2 1224979098644774912 360287970189639893 506 3 504403158265495658 2 1224979098644774912 2133 2 144115188075855893 1224979098644774912 2060 1 864691128455135430 1907 0 603 1 0 
72.000000 0.300000 0.000000  3 200 1 504403158265495658 2147483850 1 504403158265495658 2147483849 1 504403158265495658  3 1 2 936748722493063369 432345564227567634 2133 2 1224979098644774912 72057594037927936 1 3 936748722493063387 1224979098644774912 432345564227567630 
96.000000 0.300000 100000000.000000  5 200 1 504403158265495658 2147483850 1 504403158265495658 2147483849 1 504403158265495658 1 2 936748722493063694 432345564227567634 2147483680 2 72057594037927936 3  3 2060 1 864691128455135467 1907 0 603 1 0 
0.300000 0.300000 100000000.000000  6 200 1 504403158265495661 2147483850 1 504403158265495661 2147483849 1 504403158265495661 526 3 1224979098644774912 504403158265495661 1 2281 3 1224979098644774913 144115188075856111 1224979098644774912 2147483678 2 1224979098644774913 2  3 1105 1 216172782113785619 1 2 936748722493063543 504403158265495661 1 2 936748722493063545 504403158265495661 
24.000000 0.300000 100000000.000000  3 200 1 504403158265495662 202 1 504403158265495662 2147483849 1 504403158265495662  3 2060 1 864691128455135468 1907 0 603 1 0 
24.000000 0.300000 100000000.000000  3 200 1 504403158265495663 202 1 504403158265495663 2147483849 1 504403158265495663  3 2060 1 864691128455135469 1907 0 603 1 0 
24.000000 0.300000 100000000.000000  3 200 1 504403158265495664 202 1 504403158265495664 2147483849 1 504403158265495664  3 2060 1 864691128455135470 1907 0 603 1 0 
1.000000 0.000000 100000000.000000  18 200 1 504403158265495666 2147483850 1 504403158265495666 2147483849 1 504403158265495666 546 3 504403158265495666 11 0 526 3 1224979098644774912 504403158265495666 1 526 3 1224979098644774913 504403158265495666 8 2133 2 1224979098644774914 0 4 0 2147483780 1 1224979098644774913 506 3 504403158265495666 11 1 2133 2 1224979098644774914 1 5 0 130 2 1224979098644774913 1224979098644774912 1 2 936748722493063754 1224979098644774913 506 3 504403158265495666 11 2 2133 2 1224979098644774914 1 3 0 31 2 1224979098644774914 1  3 2060 1 864691128455135471 1907 0 603 1 0 
1.000000 0.000000 100000000.000000  4 200 1 504403158265495666 2147483850 1 504403158265495666 2147483849 1 504403158265495666 546 3 504403158265495666 11 1  3 2060 1 864691128455135471 1907 0 603 1 0 
1.000000 0.300000 100000000.000000  3 200 1 504403158265495668 202 1 504403158265495668 2147483849 1 504403158265495668  4 2133 2 144115188075855893 360287970189640592 2060 1 864691128455135430 1907 0 603 1 0 
1.000000 0.300000 100000000.000000  7 200 1 504403158265495667 2147483849 1 504403158265495667 546 3 504403158265495667 11 0 2272 1 1224979098644774912 526 3 1224979098644774913 504403158265495667 26 2106 2 1224979098644774912 1224979098644774913 30 2 1224979098644774912 1  4 2133 2 144115188075855893 360287970189639967 2060 1 864691128455135430 1907 0 603 1 0 
1.000000 0.000000 100000000.000000  16 200 1 504403158265495667 2147483850 1 504403158265495667 2147483849 1 504403158265495667 546 3 504403158265495667 11 1 526 3 1224979098644774912 504403158265495667 1 526 3 1224979098644774913 504403158265495667 8 2133 2 1224979098644774914 0 4 0 2147483780 1 1224979098644774913 2133 2 1224979098644774914 1 5 0 130 2 1224979098644774913 1224979098644774912 1 2 936748722493063754 1224979098644774913 2133 2 1224979098644774914 1 3 0 31 2 1224979098644774914 1  3 506 3 504403158265495667 11 2 2272 1 1224979098644774912 506 3 504403158265495667 26 1224979098644774912 
1.000000 0.300000 100000000.000000  7 200 1 504403158265495667 2147483849 1 504403158265495667 546 3 504403158265495667 11 2 2272 1 1224979098644774912 526 3 1224979098644774913 504403158265495667 26 2106 2 1224979098644774912 1224979098644774913 30 2 1224979098644774912 4  4 2133 2 144115188075855893 360287970189639967 2060 1 864691128455135430 1907 0 603 1 0 
1.000000 0.300000 100000000.000000  7 200 1 504403158265495677 2147483849 1 504403158265495677 546 3 504403158265495677 11 1 2272 1 1224979098644774912 526 3 1224979098644774913 504403158265495677 26 2106 2 1224979098644774912 1224979098644774913 30 2 1224979098644774912 1  4 2133 2 144115188075855893 360287970189640600 2060 1 864691128455135430 1907 0 603 1 0 
1.000000 1.000000 100000000.000000  2 200 1 504403158265495660 202 1 504403158265495660  3 2060 1 864691128455135476 1907 0 603 1 0 
24.000000 0.300000 100000000.000000  3 200 1 504403158265495669 202 1 504403158265495669 2147483849 1 504403158265495669  3 2060 1 864691128455135477 1907 0 603 1 0 
24.000000 0.300000 100000000.000000  3 200 1 504403158265495670 202 1 504403158265495670 2147483849 1 504403158265495670  3 2060 1 864691128455135478 1907 0 603 1 0 
1.000000 0.000000 100000000.000000  18 200 1 504403158265495672 2147483850 1 504403158265495672 2147483849 1 504403158265495672 546 3 504403158265495672 11 0 526 3 1224979098644774912 504403158265495672 1 526 3 1224979098644774913 504403158265495672 8 2133 2 1224979098644774914 0 4 0 2147483780 1 1224979098644774913 506 3 504403158265495672 11 1 2133 2 1224979098644774914 1 5 0 130 2 1224979098644774913 1224979098644774912 1 2 936748722493063754 1224979098644774913 506 3 504403158265495672 11 2 2133 2 1224979098644774914 1 3 0 31 2 1224979098644774914 1  3 2060 1 864691128455135479 1907 0 603 1 0 
1.000000 0.000000 100000000.000000  4 200 1 504403158265495672 2147483850 1 504403158265495672 2147483849 1 504403158265495672 546 3 504403158265495672 11 1  3 2060 1 864691128455135479 1907 0 603 1 0 
1.000000 0.300000 100000000.000000  9 31 2 144115188075855895 1 2272 1 1224979098644774912 30 2 1224979098644774912 144115188075856115 520 3 1224979098644774913 360287970189640087 10 32 2 1224979098644774913 0 2147484208 3 360287970189639680 8 0 2147484208 3 360287970189640087 8 0 2281 3 1224979098644774914 1224979098644774913 648518346341351424 30 2 1224979098644774914 10  18 1 3 936748722493063684 432345564227567631 360287970189640087 1 2 936748722493063369 432345564227567631 2133 2 1224979098644774912 72057594037927936 1 3 936748722493063387 1224979098644774912 432345564227567636 1 2 936748722493063369 432345564227567631 2133 2 1224979098644774912 72057594037927936 1 3 936748722493063387 1224979098644774912 432345564227567636 1 4 936748722493063439 432345564227567631 432345564227567636 1 2133 2 144115188075855894 1 1 1 936748722493063563 506 3 504403158265495686 11 2 2133 2 144115188075855895 2 6 3 1224979098644774913 360287970189639981 360287970189640111 540 3 1224979098644774913 142 -1 3 0 2060 1 864691128455135497 1907 0 603 1 0 
24.000000 0.000000 24.000000  2 31 2 144115188075855895 2 2147484208 3 360287970189640087 8 0  5 1 2 936748722493063369 432345564227567631 2133 2 1224979098644774912 72057594037927936 1 3 936748722493063387 1224979098644774912 432345564227567636 2133 2 144115188075855894 1 1 1 936748722493063563 
120.000000 0.000000 24.000000  4 200 1 504403158265495686 2147483850 1 504403158265495686 2147483849 1 504403158265495686 546 3 504403158265495686 11 2  12 1 2 936748722493063369 432345564227567631 2133 2 1224979098644774912 72057594037927936 1 2 936748722493063363 432345564227567631 2133 2 1224979098644774913 72057594037927936 30 2 1224979098644774912 0 33 2 432345564227567629 432345564227567635 1 4 1224979098644774913 936748722493063387 1224979098644774912 1224979098644774913 520 3 1224979098644774914 1224979098644774912 10 1620 2 1224979098644774914 1224979098644774913 500 3 1224979098644774912 142 1 2133 2 144115188075855894 1 1 1 936748722493063563 
1.000000 0.000000 12.000000  0  9 1671 2 1224979098644774912 648518346341351424 424 1 1224979098644774913 4 0 2147483678 2 1224979098644774912 40 31 2 1224979098644774913 2 31 2 144115188075856090 0 31 2 144115188075856215 -1 1 1 936748722493063716 3 0 
0.000000 0.000000 100000000.000000  0  10 2133 2 144115188075855896 0 2133 2 144115188075855897 0 2133 2 144115188075856999 0 2133 2 144115188075855899 0 2270 1 1224979098644774912 2133 2 144115188075855900 1224979098644774912 6 3 1224979098644774913 0 5 2120 3 1224979098644774914 504403158265495690 1224979098644774913 506 3 1224979098644774914 27 0 3 0 
24.000000 0.000000 1.000000  0  10 4 0 200 1 504403158265495625 2147483851 1 504403158265495625 2147483849 1 504403158265495625 546 3 504403158265495625 11 0 2133 2 144115188075855893 360287970189639964 2060 1 864691128455135430 1907 0 603 1 0 3 0 
24.000000 0.000000 1.000000  2 546 3 504403158265495683 11 2 2147483848 1 504403158265495684  4 2133 2 144115188075855893 360287970189640087 2060 1 864691128455135430 1907 0 603 1 0 
1.000000 0.000000 1.000000  5 200 1 504403158265495611 2147483679 2 144115188075856090 1 540 3 360287970189639964 2 0 526 3 1224979098644774912 504403158265495611 11 33 3 1224979098644774912 2 16  1 1 2 936748722493063453 360287970189639964 
6.000000 0.000000 0.000000  3 200 1 504403158265495634 2147483850 1 504403158265495634 2147483849 1 504403158265495634  17 2133 2 1224979098644774912 0 2319 1 5 11 1 1224979098644774913 1609 2 1224979098644774914 1224979098644774913 31 2 1224979098644774914 576460752303423549 132 1 1224979098644774913 1 2 936748722493063741 1224979098644774913 4 0 31 2 1224979098644774912 0 2320 2 5 1585267068834414600 5 0 2320 2 5 1585267068834415158 3 0 2105 2 1224979098644774912 1 3 0 2320 2 6 216172782113785653 1113 4 504403158265495634 4 6 1 
24.000000 0.000000 0.000000  4 200 1 504403158265495632 2147483850 1 504403158265495632 2147483849 1 504403158265495632 546 3 504403158265495632 11 2  17 2133 2 1224979098644774912 0 2319 1 5 11 1 1224979098644774913 1609 2 1224979098644774914 1224979098644774913 31 2 1224979098644774914 576460752303423548 132 1 1224979098644774913 1 2 936748722493063741 1224979098644774913 4 0 31 2 1224979098644774912 0 2320 2 5 1585267068834414600 5 0 2320 2 5 1585267068834415158 3 0 2105 2 1224979098644774912 1 3 0 2320 2 6 216172782113785653 1113 4 504403158265495632 4 6 1 
1.000000 0.000000 100000000.000000  8 200 1 504403158265495662 2147483850 1 504403158265495662 2147483849 1 504403158265495662 546 3 504403158265495662 11 0 2272 1 1224979098644774912 526 3 1224979098644774913 504403158265495677 26 2106 2 1224979098644774912 1224979098644774913 30 2 1224979098644774912 4  2 1 2 936748722493063542 504403158265495662 502 3 432345564227567634 7 360287970189639680 
1.000000 0.000000 100000000.000000  9 200 1 504403158265495660 2147483850 1 504403158265495660 2147483849 1 504403158265495660 2133 2 1224979098644774912 0 6 3 1224979098644774913 360287970189639981 360287970189640091 540 3 1224979098644774913 142 1 2105 2 1224979098644774912 1 3 0 30 2 1224979098644774912 5  84 506 3 504403158265495660 11 10 4 0 200 1 504403158265495661 1 2 936748722493063543 504403158265495661 1 2 936748722493063545 504403158265495661 3 0 2133 2 144115188075855901 432345564227567629 2133 2 144115188075855902 360287970189640090 500 3 144115188075855902 140 1 4 0 33 3 144115188075855902 360287970189640086 360287970189640091 2133 2 144115188075855903 144115188075855902 520 3 144115188075855904 144115188075855902 14 1550 2 144115188075855902 432345564227567629 502 3 432345564227567629 10 144115188075855902 2133 2 144115188075855905 432345564227567629 506 3 504403158265495591 6 144115188075855902 506 3 504403158265495591 3 144115188075855904 2343 2 14 144115188075855904 2341 2 13 144115188075855902 1290 1 504403158265495591 2320 2 2 1585267068834415159 1 3 936748722493063540 504403158265495591 144115188075855902 3 0 4 0 33 3 144115188075856200 432345564227567629 432345564227567635 2147483679 2 144115188075856200 144115188075855905 2190 3 1224979098644774912 432345564227567629 144115188075856200 2110 2 1224979098644774912 -40 1 3 936748722493063431 144115188075856200 1224979098644774912 1 1 936748722493063563 2133 2 144115188075855894 1 3 0 4 0 33 3 144115188075855901 432345564227567629 432345564227567635 2147483679 2 144115188075855901 432345564227567629 522 3 1224979098644774913 144115188075855901 10 1 6 936748722493063630 23 360287970189639680 -1 1224979098644774913 144115188075855901 1 2 936748722493063537 1 3 0 1 2 936748722493063536 144115188075855905 4 0 32 2 144115188075855910 0 1 4 936748722493063388 144115188075855910 360287970189639680 0 1 6 936748722493063630 22 360287970189639680 144115188075855910 144115188075855902 144115188075855905 3 0 1 6 936748722493063630 21 360287970189639680 -1 144115188075855902 144115188075855905 4 0 200 1 504403158265495590 31 2 144115188075855909 144115188075855902 1 2 936748722493063545 504403158265495590 5 0 200 1 504403158265495590 1 3 936748722493063473 504403158265495590 0 3 0 2133 2 144115188075855906 1 2133 2 144115188075855907 1 2133 2 144115188075855908 0 2133 2 144115188075855909 0 2133 2 144115188075855910 0 2133 2 144115188075855911 1 1 3 936748722493063428 144115188075855902 25 502 3 144115188075855905 21 0 1613 3 648518346341351424 144115188075855903 1 500 3 144115188075855903 12 0 1509 2 144115188075855903 0 2341 2 6 144115188075855903 1106 1 1585267068834415160 2133 2 144115188075855912 0 2133 2 144115188075855913 0 2133 2 144115188075855914 0 2133 2 144115188075855913 0 2190 3 1224979098644774914 144115188075855904 432345564227567629 2110 2 1224979098644774914 -50 1 3 936748722493063431 144115188075855904 1224979098644774914 2335 2 1 144115188075855904 1275 2 432345564227567629 1585267068834414821 1276 2 432345564227567629 16711680 6 3 1224979098644774915 360287970189639981 360287970189640091 540 3 1224979098644774915 142 1 1 3 936748722493063387 1224979098644774915 432345564227567629 3 0 2133 2 144115188075855894 1 1 1 936748722493063563 
0.000000 0.000000 1.000000  0  2 1 1 936748722493063770 1 1 936748722493063897 
0.000000 0.000000 168.000000  0  1 1 1 936748722493063771 
0.000000 0.000000 24.000000  0  1 1 2 936748722493063779 70 
0.000000 0.000000 168.000000  0  1 1 2 936748722493063779 76 
0.000000 0.000000 720.000000  0  1 1 2 936748722493063779 82 
0.000000 0.000000 1.000000  0  1 1 1 936748722493063805 
0.000000 0.000000 24.000000  0  2 1 1 936748722493063813 1 1 936748722493063755 
0.000000 0.000000 1.000000  0  3 1 2 936748722493063819 307 1 2 936748722493063819 309 1 2 936748722493063819 343 
0.000000 0.000000 1.000000  0  1 1 1 936748722493063825 
0.000000 0.000000 720.000000  0  1 1 1 936748722493063834 
0.000000 0.000000 1.000000  0  8 6 3 1224979098644774912 648518346341351445 648518346341351503 6 3 1224979098644774913 319 326 561 3 1224979098644774912 1224979098644774913 1 521 3 1224979098644774914 1224979098644774912 1224979098644774913 2106 2 1224979098644774914 1 501 3 1224979098644774912 1224979098644774913 1224979098644774914 3 0 3 0 
0.000000 0.000000 100000000.000000  0  1 1 1 936748722493063846 
0.000000 0.000000 9.000000  0  1 1 1 936748722493063846 
0.000000 0.000000 3.000000  0  7 6 3 1224979098644774912 648518346341351503 648518346341351593 2204 2 1224979098644774913 1224979098644774912 521 3 1224979098644774914 1224979098644774912 120 2204 2 1224979098644774915 1224979098644774914 2147483679 2 1224979098644774915 1224979098644774913 1 3 936748722493063386 1224979098644774912 1224979098644774915 3 0 
0.000000 0.000000 0.000000  1 31 2 144115188075856962 0  7 2133 2 144115188075856962 1 6 3 1224979098644774912 360287970189639981 360287970189640091 500 3 1224979098644774912 162 -10 3 0 6 3 1224979098644774913 648518346341351445 648518346341351503 501 3 1224979098644774913 345 -10 3 0 
1.000000 0.000000 0.000000  4 31 2 144115188075856973 1 2136 3 1224979098644774912 0 120 2273 0 31 2 1224979098644774912 0  1 2060 1 864691128455135489 
1.000000 0.300000 0.000000  19 2133 2 1224979098644774912 0 1540 2 1224979098644774913 360287970189639680 6 3 1224979098644774914 0 1224979098644774913 1541 3 1224979098644774915 360287970189639680 1224979098644774914 31 2 1224979098644774915 288230376151711845 2105 2 1224979098644774912 1 3 0 4 0 30 2 1224979098644774912 10 372 1 9 3 0 2133 2 1224979098644774916 0 2120 3 1224979098644774917 432345564227567634 1 6 3 1224979098644774918 432345564227567630 1224979098644774917 2147483679 2 1224979098644774918 144115188075855901 542 3 1224979098644774918 21 0 2133 2 1224979098644774916 1 3 0 31 2 1224979098644774916 0  9 4 0 31 2 144115188075855901 432345564227567632 372 1 17 5 0 31 2 144115188075855901 432345564227567633 372 1 18 5 0 372 1 19 3 0 
