7
8
6
2
2
2
2
4
2
7
2
3
2
2
2
6
6
7
6
5
9
11
2
5
18
12
1
4
2
292
1282
66
44
239
13
2
10
22
34
6
5
7
6
3
1
3
1
9
22
107
53
42
7
2
6
25
7
6
2
3
1
1
1
5
1
1
1
1
1
1
1
1
1
1
3
1
1
13
18
15
10
6
3
13
2
2
4
7
2
2
2
2
2
2
2
2
3
2
2
2
2
8
2
2
2
94
16
53
7
5
4
2
3
2
6
2
8
2
6
4
4
9
4
3
5
12
4
8
2
4
2
13
2
6
2
23
2
91
2
3
7
8
4
11
6
3
14
3
5
2
2
145
3
3
17
18
11
11
11
6
4
6
5
5
5
16
4
17
10
3
3
7
6
4
2
1
2
2
2
2
2
5
2
6
3
3
2
6
2
3
4
4
4
20
2
3
3
3
2
3
2
2
4
4
5
6
2
2
5
3
5
3
17
6
3
2
2
2
17
2
4
6
3
12
2
3
3
4
2
2
2
4
34
3
12
2
4
3
2
12
96
2
11
2
11
2
6
5
22
11
5
3
2
3
15
3
15
11
16
132
39
6
54
1
1
1
1
1
1
4
13
19
4
3
12
10
4
6
50
30
6
7
7
5
2
4
3
17
2
9
2
2
2
3
2
2
2
20
3
3
6
7
7
462
11
19
3
3
3
9
3
3
4
3
2
6
4
2
2
2
3
7
5
1
2
2
2
3
49
2
3
2
3
2
9
2
2
3
11
5
2
3
12
12
6
3
3
9
3
5
5
2
5
4
9
3
7
2
2
2
6
5
758
2
2
12
2
2
2
3
6
18
5
19
5
10
5
2
14
21
2
3
2
2
2
2
51
54
17
5
5
139
57
131
45
3
3
19
6
6
1
1
1
1
1
1
1
1
1
1
3
1
2
1
1
1
1
1
1
1
1
1
1
1
1
1
1
1
1
1
1
1
1
1
1
1
1
1
1
1
1
1
1
1
2
2
1
1
1
1
1
1
1
1
1
1
1
1
1
1
1
14
391
8
15
8
3
2
2
24
2
2
3
3
2
2
3
10
16
60
40
11
7
23
14
8
21
5
2
3
3
8
2
8
1
1
1
5
45
34
30
21
21
8
8
8
8
8
8
8
8
8
8
8
8
2
2
2
2
2
2
2
2
2
2
2
3
4
3
5
6
10
7
8
3
9
9
29
29
28
29
29
28
7
7
7
7
7
7
12
5
12
5
12
5
12
5
12
5
12
5
7
6
7
3
7
3
3
3
8
6
9
12
3
9
4
4
4
4
4
4
6
6
5
5
4
5
7
4
4
4
4
4
9
7
10
4
4
4
11
4
4
4
4
4
4
4
4
4
4
4
4
4
12
4
4
4
4
4
53
36
36
8
8
2
3
4
4
7
3
8
3
4
3
2
2
4
22
7
7
7
7
7
7
7
7
7
4
4
6
2
2
2
2
1
1
6
3
3
3
3
3
3
3
3
3
6
6
5
2
2
2
2
2
40
24
7
4
2
5
2
2
5
5
29
18
14
8
12
8
2
4
3
4
4
4
5
5
7
5
5
5
4
4
5
4
4
4
2
15
4
4
4
4
4
4
2
3
4
4
3
3
5
2
4
3
3
4
4
3
3
2
4
4
2
2
5
3
2
4
1
1
1
1
1
1
1
1
1
1
1
1
1
1
1
1
1
1
1
1
1
1
1
1
1
1
1
1
1
1
1
1
1
1
1
1
1
1
1
4
1
5
4
4
2
3
3
2
6
6
6
6
6
6
6
6
6
20
20
20
20
20
20
20
20
20
19
19
19
19
19
19
19
19
19
2
14
5
5
5
5
14
5
5
5
5
14
5
5
5
5
14
5
5
5
5
14
5
5
5
5
14
5
5
5
5
14
5
5
5
5
14
5
5
5
5
14
5
5
5
5
10
8
8
10
5
5
5
5
3
3
3
3
3
3
3
4
4
4
4
4
4
4
4
4
4
4
4
6
6
7
6
6
5
5
5
6
6
7
5
3
3
3
3
7
7
7
6
3
3
2
6
2
2
2
12
1
42
24
28
28
4
4
11
8
16
16
26
9
8
7
7
7
7
6
19
10
12
6
5
7
14
14
11
3
3
24
5
23
3
19
42
36
9
5
5
2
12
13
14
13
34
25
6
4
12
3
2
14
2
1
1
3
9
2
5
3
4
7
15
3
3
4
4
5
13
6
2
3
4
7
3
3
3
17
13
4
4
5
6
5
2
5
7
2
5
3
3
3
2
2
2
5
5
6
7
2
3
5
14
5
2
2
17
1
4
6
4
2
10
9
10
9
7
20
3
5
3
6
5
82
30
2
2
2
4
4
2
10
12
12
9
3
3
3
3
2
4
2
6
1
4
4
4
2
3
5
31
4
38
5
4
2
2
2
2
2
2
2
2
2
9
9
2
3
2
2
4
6
2
2
12
3
5
3
8
3
3
3
3
6
2
2
1
18
3
2
2
3
4
5
6
3
11
11
11
11
11
10
23
3
2
3
13
10
8
2
4
1
6
3
3
4
44
3
2
3
4
7
1
1
3
1
